0.000000
0.000000
0.000000
0.000000
0.000000
0.000000
0.000000
0.000000
0.000000
0.000000
0.000000
0.000000
0.000000
0.000000
0.000000
0.000000
0.000000
0.000000
0.000000
0.000000
0.000000
0.000000
0.000000
0.000000
0.000000
0.000000
0.000000
0.000000
0.000000
0.000000
0.000000
0.000000
0.000000
0.000000
0.000000
0.000000
0.000000
0.000000
0.000000
0.000000
0.000000
0.000000
0.000000
0.000000
0.000000
0.000000
0.000000
0.000000
0.000000
0.000000
0.000000
0.000000
0.000000
0.000000
0.000000
0.000000
0.000000
0.000000
0.000000
0.000000
0.000000
0.000000
0.000000
0.000000
0.000000
0.000000
0.000000
0.000000
0.000000
0.000000
0.000000
0.000000
0.000000
0.000000
0.000000
0.000000
0.000000
0.000000
0.000000
0.000000
0.000000
0.000000
0.000000
0.000000
0.000000
0.000000
0.000000
0.000000
0.000000
0.000000
0.000000
0.000000
0.000000
0.000000
0.000000
0.000000
0.000000
0.000000
0.000000
0.000000
0.000000
0.000000
-0.042110
0.001443
0.041188
-0.098236
-0.028907
0.104161
-0.037714
0.012766
-0.012689
-0.128091
-0.133729
0.046268
-0.069994
0.025917
0.132936
-0.086156
0.168783
0.148309
0.112293
-0.030498
0.032791
0.163026
0.132584
-0.091759
0.069501
0.019840
-0.023130
0.038370
-0.017023
0.148353
-0.036456
-0.016811
0.132500
0.001442
-0.096066
0.088271
0.014502
-0.043703
0.057593
-0.132891
-0.044526
0.009483
0.006117
0.131567
0.038978
-0.059826
0.075460
0.265508
-0.052633
0.007266
0.017567
0.163592
0.007496
-0.066454
-0.124316
0.140697
0.082389
0.086366
-0.035710
-0.016177
-0.072695
0.107422
0.014008
0.034993
0.171983
0.048050
-0.043268
-0.062264
-0.009673
-0.018285
0.029842
0.135204
-0.042366
0.035654
-0.113865
-0.078181
-0.018594
-0.096508
-0.014619
-0.093830
-0.028853
0.018638
-0.042784
0.011685
0.053313
0.076016
0.103655
0.135855
0.241209
0.134187
0.016602
0.069357
0.032957
0.037904
-0.069090
-0.068399
-0.027220
-0.120705
-0.090258
0.000000
0.000000
-0.073857
0.055547
0.027456
0.036741
0.001681
-0.106165
-0.080823
0.040475
0.026434
0.064296
0.118110
-0.026976
0.006176
0.053832
-0.103068
0.017061
0.043638
0.055592
0.009093
0.076159
0.061703
-0.113588
-0.005091
-0.008019
0.029764
0.050629
-0.000558
-0.043969
0.110905
0.009289
0.040808
-0.025217
0.122251
0.205705
0.169244
0.031707
-0.145881
-0.096773
-0.089644
0.047604
-0.006123
0.083408
0.065801
0.210257
-0.010157
-0.107573
0.350967
0.099986
0.066669
-0.037248
0.021427
0.192974
-0.062927
-0.079805
0.287624
0.032074
0.008387
0.035556
0.056255
0.119290
0.043124
-0.027111
0.213851
0.129666
0.093726
-0.015487
-0.004806
-0.132664
0.022155
0.094912
-0.123848
-0.012478
0.055522
0.276595
-0.001442
0.139518
0.021102
-0.004626
0.052005
0.046720
0.006517
0.003154
-0.147817
0.084483
-0.242780
-0.161226
0.297828
-0.047012
-0.108003
-0.052898
0.019626
0.044492
0.050608
0.027692
0.017335
-0.074096
-0.040451
0.045257
0.014651
0.000000
0.000000
-0.088340
0.116525
0.142052
0.037459
0.099413
0.033819
0.114541
0.020550
-0.079142
0.155490
0.062971
0.123136
0.022373
0.081229
0.257018
-0.214805
-0.038099
-0.027854
-0.001335
-0.095555
0.112031
-0.193870
0.090785
0.053376
0.206989
-0.009316
-0.038803
0.090279
0.208729
0.114900
-0.025366
0.082731
0.170505
0.089943
0.136827
0.202203
0.279061
0.128094
-0.050744
0.086965
0.001427
0.220651
0.106333
0.102275
0.245331
-0.073907
0.209970
-0.065190
0.163781
0.026422
-0.069324
-0.037868
0.216082
0.036641
0.193363
0.080324
0.048421
0.198476
0.051719
0.149671
0.039530
0.165630
-0.115578
0.039298
0.175333
0.085614
0.078824
0.309962
0.040779
0.006609
0.153346
0.170131
0.131258
0.225061
-0.037464
0.008945
-0.000686
0.112290
0.248688
0.049958
-0.030062
-0.041561
0.062813
-0.020506
-0.174974
0.261146
0.068854
-0.054149
-0.087943
0.074068
-0.111486
0.059764
-0.020440
0.058055
0.021261
-0.091049
-0.047185
0.077521
0.074021
0.000000
0.000000
0.048561
-0.121752
-0.128119
-0.063661
-0.057656
0.071815
-0.013209
0.100615
-0.061891
0.040124
-0.085642
-0.000990
-0.125772
0.303472
-0.011771
-0.071838
0.106417
0.050684
0.081115
0.092453
0.030241
0.288767
0.010566
0.196541
-0.079424
0.204826
0.053666
0.186017
-0.051343
0.215363
-0.056831
0.163328
-0.058647
-0.062563
-0.050709
0.088136
-0.154230
0.098690
0.297418
0.067682
0.060684
0.041820
0.090747
0.123649
0.072364
0.334694
-0.119065
0.142041
0.065745
0.148098
0.215050
0.307207
-0.028105
0.118733
0.085878
0.050889
0.235051
0.126341
0.072854
0.167054
0.133297
0.154629
0.075930
-0.063082
0.141071
0.099955
0.004696
-0.085324
0.043618
0.263106
0.025616
-0.129312
0.306529
0.270260
0.196057
0.135421
0.070650
-0.023910
0.183216
0.168553
0.039816
-0.005961
0.124393
0.215607
0.059227
-0.051922
-0.085145
-0.000226
0.062137
0.040358
0.046706
-0.000681
-0.057128
0.007467
-0.066061
-0.023388
0.213773
0.030052
0.033661
0.000000
0.000000
-0.115534
0.009110
0.093227
0.199603
0.083532
0.130801
0.073245
0.123114
-0.044602
0.105156
0.110651
-0.035325
-0.127950
0.015967
0.121452
0.093138
0.136320
0.158725
0.081509
0.137980
0.125234
0.001791
0.293657
0.100385
0.070588
-0.035489
0.083204
0.183197
0.127501
0.348055
0.094029
0.199135
0.168184
0.084375
0.006170
0.138137
-0.067907
0.197211
0.373706
0.017492
0.165001
0.137480
0.028898
0.062710
0.249137
0.089981
0.183439
0.047265
0.047490
-0.007252
0.164799
0.009519
0.147007
0.125350
0.217726
0.266904
0.365214
0.389414
0.253905
0.193697
0.197991
0.110143
0.184673
0.093941
0.233805
0.362874
0.008004
0.111133
0.045668
-0.020836
0.294353
0.098945
0.150164
0.107260
0.226186
0.245204
0.167105
-0.072526
0.263800
0.072036
0.040382
0.116403
0.248260
0.149650
0.079708
0.067948
0.034973
0.108002
0.148598
-0.023499
0.190023
-0.125261
-0.003034
0.106679
0.025594
-0.087881
0.113207
-0.066981
-0.001564
0.000000
0.000000
0.086367
0.041676
0.036305
0.196218
0.032834
0.190834
0.115814
0.169755
0.073475
0.072411
0.106631
-0.113530
0.198484
-0.001425
0.121605
0.115953
0.043270
0.170829
0.029123
0.128613
0.005335
0.072380
0.071004
0.016638
0.194202
0.194587
-0.029256
0.253709
0.079592
0.155063
-0.003725
0.268412
0.275200
0.137923
0.088495
0.306667
0.092400
0.123474
0.221116
0.258429
0.126564
0.093893
0.287260
0.193755
0.427124
0.170637
0.141374
-0.030632
0.267474
0.099025
0.143655
0.150431
0.206058
0.299272
0.280056
0.255221
0.095215
-0.001272
0.075068
0.203811
0.247200
0.060383
0.331938
0.164645
0.233663
0.247426
0.211985
0.283927
0.104110
0.271413
-0.034142
0.409324
0.231176
0.249530
-0.039029
0.160864
0.282671
0.093804
0.050925
0.061707
0.142540
0.199519
-0.006181
0.127128
-0.128456
0.013785
0.183639
-0.161987
-0.097807
0.121677
0.044943
0.229045
-0.065427
0.025829
-0.080303
-0.093145
-0.020086
-0.175239
-0.049120
0.000000
0.000000
0.080850
-0.017671
0.204433
0.193230
-0.020182
-0.018156
-0.125285
-0.014262
-0.056103
-0.005617
0.071912
0.070292
0.030816
0.135847
-0.034350
0.140239
-0.007626
0.150903
-0.021240
0.206638
0.113740
0.023633
0.080729
0.090410
0.083092
0.220733
0.087676
0.260183
0.167667
0.080314
0.123024
0.175705
0.131331
0.113198
0.229285
0.282151
0.329271
0.127823
0.260773
0.217254
0.360629
0.265610
0.181566
0.121866
0.147839
0.223188
0.212529
0.220987
0.266389
0.227303
0.247418
0.238429
0.163001
0.072059
0.077384
0.081195
0.408191
0.320948
0.283631
0.144457
0.305351
0.224929
0.241573
0.144909
0.365909
0.099099
0.256846
0.145995
0.233924
0.162836
0.222372
0.022203
0.107526
0.338241
0.105384
0.170878
0.140732
0.060857
0.261187
0.169762
0.195503
0.096845
0.134741
0.046577
0.192699
0.140211
0.116378
0.021533
0.102646
0.116085
0.199426
0.034793
-0.052053
0.141847
0.086878
-0.143404
0.167966
-0.028940
-0.156013
0.000000
0.000000
0.222604
0.193018
-0.067333
-0.070772
0.111774
0.324139
0.015217
0.103421
0.187821
0.098145
0.176097
-0.191651
0.061675
0.126309
0.214785
0.087144
0.266113
0.157631
0.153020
0.111516
0.201625
0.056812
0.336675
0.225316
0.329196
0.273658
0.128994
0.197566
0.102775
0.194737
0.040819
0.111888
0.033333
0.224897
0.115516
0.217726
0.315585
0.231315
0.232302
0.232611
0.315980
0.330281
0.273232
0.282032
0.282051
0.371793
0.334202
0.278639
0.141286
0.106738
0.280822
0.176247
0.312443
0.034386
0.473205
0.195531
0.105809
0.013120
0.218243
0.249324
0.435962
0.259893
0.237480
-0.025194
0.234513
0.302631
0.236964
0.141577
0.161904
0.211742
0.319067
0.278204
0.135125
0.345474
0.253055
0.121411
0.212119
0.020616
0.000947
0.170023
0.182888
0.213886
0.057799
0.243914
-0.081767
-0.073181
0.030073
-0.072989
-0.031221
0.238326
0.062737
0.128516
0.159788
0.109568
0.242563
0.133085
0.121642
-0.021734
0.082790
0.000000
0.000000
0.012079
0.119849
0.120891
0.108560
0.096362
0.034753
0.125122
0.070131
0.167207
0.168898
0.026595
0.013993
0.241902
0.130198
0.023016
0.192532
0.053635
0.215364
0.169251
0.059887
0.241951
0.095328
0.202525
0.122982
0.124471
0.206561
0.194133
0.047845
0.066168
0.275399
0.304234
0.264584
0.171132
0.329088
0.192615
0.333156
0.203668
0.174351
0.271570
0.214515
0.172354
0.284392
0.284345
0.269646
0.156334
0.440230
0.308416
0.313293
0.395674
0.230842
0.193311
0.200093
0.333835
0.219702
0.229265
0.081526
0.227539
0.210325
0.255905
0.158363
0.342960
0.275954
0.264135
0.092006
0.064110
0.409910
0.429344
0.229722
0.036125
0.279995
0.087667
0.109115
0.175595
0.083744
0.322883
0.184900
0.346885
0.116819
0.160427
0.332341
0.072761
0.116114
0.261243
0.216741
0.001039
0.207781
0.028808
0.266326
0.075632
0.235107
0.163092
0.168325
-0.015756
-0.028725
0.182074
0.027832
-0.003887
0.063291
0.029682
0.000000
0.000000
-0.094531
0.051431
0.054239
0.211459
0.083919
-0.018960
0.103056
0.086311
-0.040238
0.001106
-0.013430
0.384013
0.064170
0.203386
0.056335
0.032154
0.096023
0.084854
0.076641
0.021347
0.201997
0.182344
0.246032
0.092327
0.251151
0.201689
0.241565
0.463533
0.185356
0.432017
0.045077
0.155057
0.288301
0.260400
0.272379
0.134744
0.227264
0.323372
0.386990
0.387953
0.307403
0.345258
0.261149
0.230632
0.390358
0.424051
0.490224
0.292883
0.447078
0.259168
0.238837
0.399986
0.257624
0.342857
0.369394
0.183720
0.431525
0.324808
0.237680
0.486141
0.251045
0.236462
0.201708
0.194361
0.453194
0.305692
0.178694
0.394971
0.132859
0.418742
0.292793
0.180903
0.281405
0.232594
0.299632
0.131983
0.258621
0.181681
0.391492
0.381893
0.099069
0.181232
0.239191
0.065728
0.184465
0.169098
0.059185
0.305424
-0.026477
0.096839
0.035828
0.103424
0.136728
0.020336
-0.121142
0.099233
-0.061166
-0.018401
0.039650
0.000000
0.000000
0.084541
0.042949
0.051273
-0.040622
-0.018076
0.072125
-0.004542
-0.142012
0.057956
0.220808
0.150586
0.250073
0.119984
0.067155
0.114511
0.213462
0.183705
0.147032
0.275270
0.260121
0.101790
0.199968
0.271708
0.330407
0.127673
0.114397
0.195734
0.195062
0.381906
0.182281
0.515637
0.346617
0.421439
0.406917
0.452562
0.452199
0.235306
0.460174
0.310885
0.520720
0.301958
0.267377
0.406157
0.362437
0.242919
0.313213
0.282609
0.516548
0.398613
0.252323
0.490085
0.357180
0.298156
0.369514
0.270907
0.391194
0.372316
0.405048
0.389750
0.344076
0.551710
0.490677
0.115490
0.424275
0.288226
0.314548
0.386481
0.382539
0.242306
0.166462
0.188547
0.089067
0.131589
0.218019
0.247687
0.249011
0.209722
0.174786
0.282522
0.114810
0.188683
0.121997
0.106020
0.288515
0.284158
0.085845
0.191978
0.280560
0.143061
0.298746
-0.230215
-0.029252
0.160863
0.167142
0.059347
-0.074112
0.124549
0.014067
-0.056323
0.000000
0.000000
0.076700
-0.083484
-0.074614
0.138216
-0.032126
0.062256
0.032857
0.249349
0.007963
0.241753
0.283291
-0.028807
0.263769
0.102945
0.101550
0.028450
0.411317
0.139151
0.188577
0.296971
0.175041
0.327632
0.200019
0.416179
0.219915
0.309192
0.260099
0.230033
0.277047
0.284379
0.337811
0.155099
0.206667
0.195109
0.249795
0.306119
0.389594
0.465173
0.266134
0.374804
0.335596
0.181846
0.290582
0.405627
0.247521
0.251684
0.353860
0.419366
0.436813
0.413321
0.353484
0.502590
0.265693
0.300327
0.483239
0.428519
0.316693
0.313472
0.282530
0.290009
0.424565
0.435508
0.250322
0.487299
0.403680
0.350805
0.145108
0.276792
0.343548
0.154086
0.217686
0.390612
0.423003
0.226969
0.320192
0.319870
0.089201
0.237904
0.162359
0.418641
0.131453
0.201344
0.167197
0.176886
0.052977
0.243208
0.174588
0.207547
0.099129
0.037001
0.191035
0.129302
0.233892
0.055890
0.034581
0.110946
-0.044268
-0.010971
0.011666
0.000000
0.000000
-0.064730
0.064176
0.161549
-0.069178
0.148539
0.209475
0.146323
0.120527
0.085855
0.197935
0.138502
0.155025
0.347295
0.135058
0.236996
0.063681
0.303510
0.173577
0.110881
0.253418
0.169545
0.112740
0.287160
0.409625
0.342838
0.033646
0.377578
0.434006
0.434994
0.371291
0.409103
0.343672
0.523806
0.258799
0.400994
0.457984
0.303741
0.302382
0.338993
0.288331
0.423878
0.343510
0.717092
0.298714
0.276860
0.428747
0.553191
0.302625
0.424138
0.350210
0.232937
0.398620
0.200381
0.426390
0.478966
0.333295
0.226340
0.388746
0.552098
0.429130
0.355981
0.438104
0.319419
0.404213
0.295352
0.204672
0.388876
0.486849
0.405481
0.286459
0.506687
0.258864
0.297565
0.251988
0.245078
0.200236
0.441542
0.261353
0.118402
0.200183
0.308116
0.338542
0.259213
0.179537
0.202492
0.138778
0.116301
0.110773
0.218575
0.121135
0.272348
0.143679
-0.089973
-0.051128
-0.052483
-0.067468
0.009804
-0.085547
0.196778
0.000000
0.000000
0.125765
-0.008220
0.071494
0.092292
0.178731
-0.023799
0.123456
0.000657
0.050046
0.270476
0.258718
0.045549
0.289573
0.239579
0.152276
0.208581
0.197807
0.144461
0.233443
0.391551
0.162721
0.402200
0.184248
0.352083
0.337814
0.285485
0.362990
0.299688
0.119689
0.602051
0.387755
0.473696
0.303093
0.471306
0.469877
0.469285
0.320319
0.248726
0.420449
0.427512
0.491774
0.325300
0.587158
0.239449
0.634149
0.534554
0.438832
0.426749
0.398947
0.361799
0.420776
0.336633
0.408819
0.529374
0.371765
0.332960
0.437610
0.481892
0.473382
0.319439
0.354353
0.463457
0.402988
0.230836
0.475020
0.465947
0.483671
0.421206
0.431397
0.443505
0.358918
0.277626
0.388056
0.348732
0.226047
0.486781
0.248285
0.296253
0.301216
0.185324
0.313405
0.291123
0.255801
0.216932
0.252366
0.250933
0.077965
0.012337
0.164915
0.291022
0.159178
-0.025316
-0.050173
0.115264
0.097385
0.084182
-0.095369
0.308204
-0.151083
0.000000
0.000000
0.004892
-0.041797
0.012997
-0.005090
0.098478
-0.017669
0.123569
0.282760
0.067768
0.113645
0.179130
0.205962
0.163532
0.392986
-0.153480
0.269724
0.189272
0.437098
0.386556
0.354926
0.359702
0.364986
0.343750
0.241211
0.289325
0.500046
0.099386
0.445348
0.296121
0.329817
0.427439
0.442439
0.472312
0.360200
0.365252
0.494411
0.471403
0.347394
0.405566
0.472921
0.620512
0.444846
0.283874
0.335814
0.542559
0.586562
0.492210
0.598034
0.403154
0.345002
0.517908
0.412525
0.666413
0.484505
0.461046
0.541298
0.436839
0.454107
0.430400
0.459229
0.400582
0.352818
0.193814
0.486156
0.460024
0.294782
0.417916
0.469071
0.380703
0.360227
0.383512
0.384706
0.365025
0.379947
0.433700
0.437888
0.363811
0.238442
0.156643
0.144743
0.153232
0.314638
0.169942
0.323716
0.110733
0.182636
0.103967
0.205345
0.125657
0.234302
0.056898
-0.202128
0.090848
0.113480
0.093338
0.031013
-0.033957
-0.008974
-0.031411
0.000000
0.000000
-0.004098
0.050555
-0.014017
-0.165054
0.215760
0.209969
0.122439
0.218774
0.131183
0.070639
0.115883
0.201544
0.242997
0.168707
0.237233
0.359602
0.328682
0.202979
0.291984
0.428348
0.274993
0.461605
0.170827
0.181479
0.393240
0.398109
0.187621
0.351348
0.153558
0.428198
0.442119
0.426226
0.472300
0.567658
0.378185
0.588155
0.292406
0.332868
0.444962
0.384910
0.613251
0.277150
0.374952
0.511130
0.502791
0.525765
0.542321
0.549837
0.649681
0.418494
0.572934
0.586871
0.466940
0.367340
0.449744
0.568592
0.211473
0.533501
0.657875
0.322620
0.551102
0.451862
0.282044
0.450345
0.479020
0.606749
0.360732
0.216925
0.272914
0.625638
0.504983
0.501391
0.309459
0.386347
0.314562
0.338870
0.197646
0.369827
0.234495
0.434809
0.237952
0.144837
0.226585
-0.020552
0.378209
0.162557
0.159328
0.302870
0.182336
0.068204
0.175039
0.215521
0.254086
0.068738
0.109031
0.058675
0.099205
-0.066051
-0.019095
0.000000
0.000000
0.110498
-0.010500
0.015994
0.100701
0.013138
0.068818
0.110545
0.169158
0.278844
0.114190
0.394311
0.102730
0.132463
0.303112
0.154019
0.406956
0.236538
0.368107
0.343259
0.378316
0.369500
0.325940
0.232097
0.345354
0.296795
0.386656
0.557144
0.430885
0.560117
0.297743
0.512641
0.376991
0.306209
0.368855
0.525447
0.517892
0.409049
0.432001
0.556078
0.562623
0.525256
0.479833
0.638103
0.575658
0.536740
0.461481
0.469845
0.580576
0.685842
0.634989
0.368344
0.490343
0.509323
0.609402
0.594644
0.597762
0.555195
0.644076
0.295987
0.526023
0.426810
0.515017
0.372175
0.362440
0.508165
0.402460
0.401466
0.473569
0.517052
0.377776
0.320631
0.426078
0.479261
0.321121
0.354357
0.459619
0.247820
0.635656
0.294400
0.210957
0.151128
0.190642
0.284854
0.213443
0.267155
0.263674
0.336043
0.305401
-0.065358
0.234287
0.288471
0.060800
-0.077215
0.292207
-0.130355
-0.017854
-0.243816
-0.009302
-0.112905
0.000000
0.000000
0.154335
0.007801
-0.064203
0.122262
-0.050668
0.173700
0.128149
-0.019125
0.113203
0.239760
0.067126
0.418053
0.308348
0.363448
0.131062
0.335416
0.231060
0.212964
0.268029
0.269361
0.329131
0.402622
0.279051
0.433305
0.506511
0.305737
0.229329
0.217594
0.274905
0.491429
0.421071
0.499859
0.747485
0.562431
0.449679
0.510667
0.384345
0.486316
0.459150
0.526791
0.574642
0.392480
0.651680
0.500921
0.558017
0.622506
0.470142
0.742460
0.627488
0.565960
0.617883
0.599182
0.513947
0.491653
0.627371
0.582864
0.526513
0.379604
0.750430
0.337031
0.512516
0.473408
0.546370
0.361869
0.461026
0.304590
0.433793
0.345986
0.467610
0.477655
0.578919
0.315605
0.564037
0.313445
0.390280
0.338225
0.443595
0.265639
0.301613
0.507251
0.377952
0.375724
0.241689
0.378205
0.331666
0.108462
0.199156
0.369298
0.254778
0.244205
-0.119684
-0.027344
0.189312
0.197465
0.085196
0.055205
-0.110123
0.040508
0.186205
0.000000
0.000000
-0.081056
-0.058321
-0.061697
0.019990
0.170218
0.053850
-0.005988
0.154344
0.075437
0.041141
0.082757
0.277750
0.326281
0.258079
0.539953
0.298939
0.145071
0.243991
0.243881
0.171209
0.335719
0.326095
0.360191
0.366952
0.402405
0.322748
0.217250
0.548678
0.419616
0.317597
0.504269
0.340670
0.366534
0.614371
0.467069
0.421720
0.544447
0.274341
0.678838
0.489996
0.659219
0.528393
0.552061
0.587197
0.653284
0.682777
0.759461
0.760831
0.506085
0.622529
0.536176
0.660786
0.479565
0.603202
0.620848
0.587603
0.560240
0.678085
0.506137
0.549336
0.436990
0.539552
0.444228
0.585857
0.469812
0.495185
0.651601
0.412929
0.496110
0.266728
0.413531
0.495424
0.324657
0.491095
0.427469
0.187455
0.236893
0.422931
0.168195
0.586626
0.443643
0.262629
0.181998
0.168255
0.177391
0.296304
0.293439
0.106067
0.104839
0.184304
0.211839
0.163206
0.137233
0.142095
0.109508
0.064565
0.049032
0.087775
0.030014
0.000000
0.000000
0.095256
-0.058280
0.218371
0.047554
0.201529
0.148750
0.029379
-0.195553
0.306012
0.291575
0.176193
0.290630
0.191709
0.173759
0.470355
0.352443
0.349991
0.335863
0.313022
0.488903
0.204078
0.261490
0.272829
0.356709
0.262940
0.321597
0.504459
0.421068
0.347598
0.568553
0.426163
0.465070
0.588782
0.611079
0.479633
0.507414
0.552724
0.648274
0.473774
0.681099
0.699382
0.699225
0.481501
0.729561
0.566658
0.630187
0.441895
0.533486
0.598327
0.417522
0.624798
0.573655
0.643736
0.608047
0.471864
0.546145
0.530562
0.668049
0.581515
0.537270
0.568446
0.402517
0.610037
0.737676
0.562731
0.526220
0.395067
0.521521
0.420214
0.517864
0.573326
0.556340
0.491623
0.390099
0.368613
0.495862
0.379986
0.251382
0.455180
0.421143
0.452024
0.260748
0.346497
0.170902
0.188720
0.233398
0.079050
0.434185
0.261269
0.089483
0.194731
0.338759
0.311603
0.136144
0.043134
0.090669
0.006080
0.025333
0.021617
0.000000
0.000000
0.057207
-0.034981
-0.084301
0.002849
0.004588
0.118737
0.181427
0.094787
0.305000
0.060984
0.251486
0.244726
0.324657
0.137190
0.212186
0.301249
0.355433
0.283044
0.304511
0.605350
0.263205
0.400687
0.343132
0.276438
0.405398
0.434594
0.470489
0.445991
0.539293
0.561714
0.532864
0.583051
0.440149
0.591419
0.651436
0.459676
0.557309
0.417874
0.780529
0.542854
0.683575
0.409920
0.592650
0.645422
0.633797
0.703360
0.518550
0.433986
0.574949
0.538844
0.589173
0.715986
0.558520
0.559265
0.637693
0.591946
0.536713
0.585311
0.639376
0.565090
0.537039
0.486355
0.641054
0.420888
0.560831
0.563628
0.490065
0.639020
0.662954
0.539016
0.549824
0.353544
0.384478
0.424574
0.496588
0.404380
0.496394
0.443286
0.291906
0.584684
0.222383
0.398469
0.259883
0.525428
0.288134
0.208495
0.165416
0.260251
0.146349
0.169155
0.191075
0.015236
0.259303
0.148629
0.107324
-0.020341
-0.008525
0.063331
0.186430
0.000000
0.000000
0.300816
0.160086
-0.057318
0.164731
0.141051
0.265134
0.124512
0.081198
0.418429
0.260357
0.158357
0.373372
0.184822
0.246796
0.467667
0.201818
0.301674
0.454519
0.476234
0.486277
0.405627
0.331523
0.536789
0.454882
0.301741
0.558825
0.470221
0.437464
0.463402
0.576586
0.480779
0.508493
0.584813
0.457590
0.640574
0.611839
0.344641
0.642710
0.604801
0.699700
0.707469
0.539735
0.587024
0.775856
0.766979
0.546239
0.576068
0.759465
0.614298
0.891970
0.721884
0.608899
0.640467
0.771776
0.527361
0.789854
0.607367
0.704539
0.718872
0.690625
0.566009
0.674780
0.573679
0.754146
0.741101
0.533307
0.635258
0.646795
0.536787
0.663086
0.381145
0.342691
0.498825
0.555554
0.555246
0.706256
0.474865
0.307058
0.401114
0.368229
0.241866
0.390665
0.228148
0.443789
0.300124
0.263874
0.134778
0.385074
0.268333
0.271310
0.042306
0.037765
0.201939
0.090131
0.041029
0.078789
0.004063
-0.055050
0.035080
0.000000
0.000000
0.159308
0.052151
0.283441
0.186321
0.097969
0.095780
0.245802
0.053691
0.231092
0.221018
0.244051
0.294151
0.165914
0.204475
0.261972
0.456796
0.285340
0.367500
0.491885
0.537924
0.504507
0.563647
0.445103
0.554910
0.663219
0.270542
0.654138
0.486021
0.633151
0.494789
0.507076
0.511291
0.422154
0.603377
0.462764
0.732900
0.611565
0.591692
0.515706
0.887499
0.527274
0.854959
0.616069
0.709903
0.613104
0.665319
0.613434
0.870003
0.808725
0.615386
0.467659
0.526377
0.591563
0.772616
0.732481
0.706615
0.623767
0.696341
0.487207
0.747720
0.426279
0.633915
0.812463
0.499409
0.518787
0.485414
0.556155
0.365213
0.500400
0.565381
0.735772
0.491525
0.493329
0.458763
0.437843
0.381678
0.347410
0.352996
0.482160
0.532788
0.488777
0.251872
0.098242
0.322769
0.357136
0.146867
0.296269
0.067376
0.174757
0.026595
0.241892
0.191207
0.117951
0.104393
-0.049259
0.082687
0.023721
0.004905
-0.088542
0.000000
0.000000
-0.059977
-0.068220
-0.052468
0.000917
-0.080837
0.100938
-0.011300
-0.025569
0.229425
0.151609
0.134986
0.266642
0.225425
0.096544
0.570252
0.065001
0.378545
0.479869
0.349199
0.331766
0.436140
0.471960
0.404898
0.491737
0.430291
0.286736
0.502201
0.587057
0.655470
0.471781
0.670431
0.637276
0.665871
0.743702
0.536163
0.542657
0.646602
0.587327
0.746470
0.497516
0.693927
0.630140
0.589909
0.716419
0.786768
0.519289
0.546277
0.761351
0.717729
0.779189
0.700058
0.664377
0.689856
0.628783
0.736505
0.673464
0.849803
0.806861
0.596218
0.726060
0.537808
0.484999
0.546865
0.511603
0.565102
0.744250
0.638228
0.427943
0.535087
0.517313
0.492445
0.516540
0.499496
0.457997
0.316285
0.748767
0.493404
0.432348
0.426543
0.357510
0.417019
0.295565
0.323156
0.224644
0.118388
0.218904
0.270861
0.222874
0.302164
0.273589
0.062710
-0.051287
0.170495
0.126779
0.011143
0.002127
0.043167
0.030759
0.051065
0.000000
0.000000
0.118201
-0.059786
0.098608
0.181942
0.038984
0.079410
0.143032
0.040231
0.164020
0.198413
0.272761
0.172449
0.354716
0.238569
0.311209
0.279227
0.402885
0.331842
0.288919
0.525153
0.588351
0.611543
0.342739
0.379611
0.796154
0.391688
0.580978
0.595235
0.539484
0.427169
0.735778
0.516162
0.715356
0.499678
0.722066
0.469599
0.818535
0.542248
0.741060
0.560631
0.782580
0.488961
0.596469
0.774310
0.878074
0.685691
0.717442
0.701760
0.755499
0.781468
0.865934
0.643674
0.832246
0.937641
0.672905
0.840785
0.582081
0.609386
0.827839
0.835379
0.660235
0.519024
0.544904
0.621386
0.728102
0.641247
0.710523
0.586571
0.515371
0.445458
0.427283
0.528014
0.691077
0.504089
0.526606
0.455333
0.598410
0.500303
0.402005
0.354975
0.521881
0.372910
0.310377
0.265843
0.303891
0.260287
0.098819
0.364081
0.212261
0.215029
0.207748
0.078207
0.235285
0.227478
0.081729
0.106734
0.245337
0.207516
0.047162
0.000000
0.000000
-0.010661
-0.003262
-0.211154
0.088648
0.165907
0.114513
0.102135
-0.000699
0.237265
0.344780
0.220495
0.257826
0.229844
0.345864
0.275254
0.177388
0.242647
0.477317
0.432144
0.321131
0.494961
0.479071
0.605776
0.562150
0.623067
0.447889
0.639629
0.634327
0.517561
0.625204
0.691466
0.684226
0.710491
0.682438
0.610409
0.583647
0.573033
0.826411
0.752912
0.707484
0.625269
0.651888
0.561130
0.769702
0.692538
0.753540
0.755280
0.951214
0.798426
0.576012
0.828813
0.617777
0.851886
0.727063
0.637305
0.734140
0.624805
0.845644
0.755675
0.634584
0.771380
0.649744
0.622466
0.712546
0.849401
0.663093
0.575727
0.494050
0.662592
0.584549
0.658592
0.557111
0.572781
0.593644
0.432108
0.399716
0.582142
0.518377
0.353360
0.577670
0.254419
0.266671
0.444357
0.286444
0.416051
0.444576
0.285261
0.253719
0.323062
0.335993
0.256343
0.153569
0.226265
0.227115
-0.009952
0.000390
0.048561
-0.067985
0.057589
0.000000
0.000000
0.100121
0.030333
-0.053417
0.042152
0.214670
0.176438
-0.065441
0.103572
0.310807
0.260444
0.080704
0.281444
0.362491
0.442273
0.369918
0.330608
0.460455
0.232027
0.361060
0.338925
0.474263
0.373215
0.629250
0.603520
0.483172
0.529690
0.712466
0.563097
0.597318
0.521766
0.596764
0.549881
0.524718
0.646907
0.718268
0.706544
0.826868
0.861301
0.854666
0.510386
0.611853
0.862275
0.613896
0.721750
0.766239
0.898924
0.843404
0.896151
0.772364
0.771500
0.722842
0.706950
0.591465
0.654651
0.734250
0.558185
0.762014
0.623514
0.614724
0.759523
0.753713
0.557474
0.580072
0.569503
0.748590
0.481976
0.603935
0.693707
0.713021
0.539814
0.512341
0.600221
0.467147
0.595549
0.789663
0.533547
0.489290
0.237516
0.373436
0.545503
0.426048
0.479655
0.422587
0.507623
0.275404
0.285545
0.260562
0.251776
0.109312
0.228722
0.172641
0.234923
0.188451
0.080505
0.124916
0.201420
0.038155
-0.001077
0.260543
0.000000
0.000000
-0.037039
-0.040234
0.072844
0.233594
0.053369
-0.083052
0.216496
0.151279
0.201996
0.315952
0.254469
0.347306
0.186531
0.229295
0.473489
0.526272
0.570412
0.480327
0.509133
0.578803
0.589061
0.619705
0.479490
0.611238
0.496567
0.427983
0.527182
0.614959
0.699891
0.512245
0.602149
0.628617
0.618739
0.597572
0.820605
0.682063
0.576187
0.789681
0.916801
0.916739
0.877449
0.861722
0.883726
0.828332
0.685510
0.632253
0.869548
0.731834
0.867211
0.744704
0.746740
0.580509
0.926662
0.905020
0.810841
0.755479
0.754080
0.729472
0.610458
0.750770
0.770845
0.552621
0.871805
0.519657
0.744303
0.695005
0.430015
0.709820
0.552952
0.446852
0.628125
0.537492
0.556888
0.500197
0.782319
0.612156
0.625332
0.529258
0.636719
0.352549
0.409466
0.378608
0.337956
0.261255
0.375911
0.439170
0.240551
0.165477
0.398036
0.332129
0.387510
0.145680
0.007891
0.216313
0.140779
0.226985
0.138326
0.044815
0.100220
0.000000
0.000000
0.112467
0.112019
-0.022076
0.178051
-0.021766
0.026250
0.098494
0.139444
0.386517
0.350928
0.200525
0.526689
0.386365
0.382727
0.525966
0.383636
0.432722
0.553117
0.357976
0.551845
0.519679
0.615326
0.619268
0.518545
0.591885
0.640791
0.558161
0.725666
0.820533
0.689407
0.642217
0.535861
0.600447
0.527217
0.471904
0.715203
0.697579
0.530182
0.839431
0.638961
0.746759
0.767614
0.936884
0.780499
0.745887
0.831967
0.652218
0.896760
0.680600
0.864141
0.821283
1.035815
0.745409
0.725426
0.908865
0.804719
0.774069
0.667085
0.809278
0.990351
0.620295
0.588374
0.629408
0.827547
0.724203
0.639352
0.635097
0.649964
0.703082
0.729962
0.463613
0.589106
0.558813
0.505962
0.467715
0.480363
0.342519
0.591331
0.417524
0.447469
0.357752
0.462255
0.587612
0.460381
0.416726
0.348643
0.305964
0.326709
0.303926
0.249121
0.153807
0.324389
0.290045
0.112235
0.110289
0.148872
0.112567
-0.101681
0.107708
0.000000
0.000000
0.009432
0.009295
0.062616
0.055832
0.069139
0.135251
0.245577
0.060271
0.038645
0.429732
0.202372
0.478174
0.363938
0.347453
0.194207
0.379112
0.315364
0.524394
0.442804
0.426184
0.549151
0.506786
0.506949
0.444818
0.358090
0.547002
0.541378
0.628786
0.811913
0.752329
0.657017
0.757128
0.735172
0.558024
0.655921
0.747718
0.848144
0.863116
0.776764
0.630009
0.795841
0.824136
0.862476
0.875288
0.766666
0.783606
0.817875
0.912825
0.675000
0.718883
0.667754
0.772621
0.933674
0.855021
0.707035
0.673960
0.960225
0.799231
0.680527
0.840814
0.808456
0.855469
0.723713
0.715947
0.781291
0.523883
0.785773
0.749829
0.519726
0.633697
0.599572
0.730158
0.707447
0.486569
0.323555
0.580707
0.531932
0.555701
0.419944
0.565923
0.402058
0.504265
0.517071
0.446030
0.455216
0.524214
0.258462
0.162240
0.183150
0.232969
0.273223
0.066703
0.432304
0.249576
-0.010403
0.002389
0.114863
0.092990
-0.000398
0.000000
0.000000
0.035368
0.035471
-0.050537
0.043121
0.139463
0.156468
0.224270
0.139897
0.247097
0.061246
0.319746
0.200065
0.401434
0.421522
0.322934
0.483456
0.332958
0.519458
0.446560
0.490899
0.512157
0.597183
0.543552
0.544438
0.802884
0.420485
0.602916
0.530156
0.498397
0.696369
0.779665
0.743994
0.685586
0.625336
0.614916
0.732558
0.962638
0.780982
0.584954
0.732564
0.746710
0.875857
0.746019
0.843697
0.834776
0.800955
0.915638
0.548342
0.761695
0.891435
0.829077
0.730805
0.736205
0.781863
0.914705
0.828634
0.780071
0.829971
0.828811
0.789270
0.839386
0.641364
0.752603
0.898983
0.756899
0.687739
0.686442
0.716864
0.762032
0.578878
0.661146
0.354423
0.595217
0.544374
0.598767
0.655551
0.473738
0.625702
0.543012
0.495304
0.746547
0.549116
0.588519
0.424094
0.487931
0.495119
0.274514
0.339609
0.462545
0.283038
0.182678
0.168567
0.315370
0.207600
0.138664
-0.003843
0.091597
-0.045005
0.237282
0.000000
0.000000
0.185983
0.040318
0.169695
0.110187
0.031284
0.063863
0.170596
0.213483
0.167698
0.305912
0.192119
0.393994
0.595361
0.171706
0.390354
0.375077
0.495318
0.432175
0.337555
0.489192
0.568204
0.365361
0.464099
0.655255
0.787966
0.597277
0.664953
0.694451
0.669449
0.780171
0.670276
0.720919
0.599707
0.514192
0.688226
0.721504
0.936358
0.864918
0.863489
0.710150
0.905324
0.833854
0.725517
0.934046
0.867568
0.879062
0.845522
0.779729
0.879290
0.824046
0.742768
0.982472
0.951551
0.908816
0.925380
0.827072
0.997087
0.891331
0.902451
1.004929
0.900859
0.835301
0.657608
0.746271
0.853443
0.840883
0.635714
0.749631
0.740937
0.704512
0.561070
0.731145
0.791877
0.575167
0.582245
0.643365
0.449970
0.577740
0.432936
0.582050
0.560673
0.434388
0.444772
0.326329
0.281146
0.425220
0.207014
0.283640
0.340384
0.259104
0.242947
0.297630
0.244102
0.114741
-0.036583
0.279165
0.175907
0.042165
0.116519
0.000000
0.000000
-0.064966
-0.011644
0.120427
0.196121
-0.132354
0.060306
0.123706
0.171558
0.180959
0.345747
0.405224
0.366010
0.428223
0.343409
0.415037
0.390965
0.408316
0.427237
0.514361
0.572269
0.525667
0.364946
0.407223
0.389871
0.631096
0.492904
0.707401
0.567813
0.850686
0.547204
0.720320
0.802245
0.468051
0.697477
0.642783
0.727942
0.806019
0.640832
0.911062
0.891322
0.610629
0.794293
0.896747
0.694849
0.883930
0.990715
0.856285
0.748535
0.669924
0.991988
0.829447
0.774564
0.810035
0.730542
0.887681
1.023768
1.016472
0.767662
0.905573
0.863951
0.915496
0.792832
0.687666
0.742581
0.626969
0.883872
0.669873
0.765932
0.732408
0.692839
0.738281
0.736250
0.539263
0.545940
0.560553
0.704107
0.659644
0.715940
0.520318
0.564049
0.488748
0.466596
0.380558
0.311608
0.545021
0.415686
0.268183
0.377520
0.401780
0.142467
0.168137
0.178975
0.004415
0.231160
0.045590
0.195584
0.088877
0.110174
0.181217
0.000000
0.000000
-0.067783
0.068347
0.226282
-0.063668
0.036874
0.195085
0.097019
0.417763
0.155548
0.289274
0.337719
0.258779
0.437410
0.452947
0.338816
0.549389
0.497222
0.436629
0.386375
0.592770
0.579153
0.720747
0.474127
0.714337
0.768244
0.610059
0.740323
0.683384
0.759660
0.801420
0.699329
0.735130
0.820726
0.767478
0.861461
0.616408
0.795350
0.967965
0.824811
0.785144
0.738687
0.905424
0.799186
0.794614
0.959194
0.893620
0.909983
0.936672
0.942673
0.855929
0.843743
0.882183
0.761991
1.033207
0.758148
0.894906
0.870451
0.891474
0.749162
0.680035
0.965735
0.814431
0.708654
0.601120
0.772648
0.839705
0.734337
0.683461
0.768310
0.595883
0.702375
0.601210
0.583966
0.792064
0.556507
0.650450
0.601939
0.489795
0.642086
0.481730
0.486978
0.598244
0.309788
0.500273
0.475919
0.632207
0.447321
0.288989
0.410464
0.260310
0.368839
0.327045
0.081387
0.024452
0.133814
0.183187
0.018619
0.071302
-0.005198
0.000000
0.000000
-0.012492
-0.040788
0.110618
0.064884
0.202967
0.222403
0.251736
0.321815
0.170436
0.235835
0.405361
0.248994
0.338156
0.431878
0.401049
0.267683
0.512321
0.664419
0.478036
0.636313
0.506113
0.538067
0.615834
0.514079
0.693872
0.541214
0.779130
0.539517
0.859619
0.696941
0.645740
0.788175
0.757159
0.663951
0.748715
0.708412
0.885700
0.907709
0.882173
0.876383
0.831785
0.958562
0.975834
0.821075
0.943717
0.895319
0.712356
0.997141
0.884314
0.999529
0.887572
0.845528
0.938343
0.788714
1.001485
0.886293
0.995985
0.857878
0.987862
0.880606
0.782205
0.702315
0.964850
0.750102
0.915526
0.533328
0.762330
0.638035
0.737935
0.935634
0.688259
0.830173
0.742636
0.725195
0.579686
0.587699
0.708696
0.534402
0.541033
0.434332
0.477180
0.538741
0.503044
0.225030
0.462643
0.445797
0.422917
0.231170
0.266029
0.429736
0.286479
0.315101
0.080835
-0.056135
0.083055
0.264085
-0.026122
0.107156
-0.090209
0.000000
0.000000
0.015687
0.084933
0.134316
0.187238
0.242345
0.260811
0.284736
0.219270
0.181674
0.371274
0.118734
0.553116
0.278084
0.350702
0.454485
0.376974
0.364009
0.492237
0.583205
0.401888
0.586504
0.773291
0.691088
0.615956
0.583559
0.523039
0.774401
0.671147
0.665236
0.865804
0.793032
0.844237
1.024257
0.726164
0.692957
0.847454
0.813550
0.893217
0.820113
1.051868
0.891768
0.787280
0.722135
0.880356
0.839370
0.892974
0.814443
0.742292
1.014715
0.859908
0.834583
0.918982
0.919481
0.763574
0.767290
0.912916
1.046752
0.897065
0.862489
0.854148
1.048130
0.841418
0.832206
0.971005
0.863313
0.799630
0.734990
0.748516
0.757448
0.623237
0.568036
0.536285
0.623321
0.677345
0.702869
0.819882
0.487426
0.626683
0.629461
0.656556
0.414935
0.512667
0.256285
0.415773
0.479332
0.245721
0.406118
0.197794
0.155853
0.317418
0.243813
0.255469
0.141152
0.153177
0.096541
-0.039089
-0.099838
0.006623
0.098059
0.000000
0.000000
0.033099
0.073800
0.139494
0.068035
0.131315
0.142371
0.219041
0.255781
0.208560
0.229438
0.298873
0.288653
0.316079
0.296754
0.383665
0.394275
0.342379
0.504242
0.413996
0.429832
0.576737
0.588350
0.638641
0.734903
0.748607
0.928062
0.712493
0.833319
0.623523
0.755234
0.651433
0.713721
0.848139
0.702294
0.742090
0.755354
0.796153
1.042164
0.838733
1.010540
0.792729
0.885449
0.810679
0.936931
0.887323
1.178362
0.881751
0.881090
0.874892
0.883314
0.863560
0.933454
0.792156
0.916310
1.031397
0.892384
0.767603
0.890415
1.042018
0.872956
0.855334
0.915819
0.735849
0.843018
0.762478
0.847248
0.975856
0.822658
0.622051
0.702953
0.894219
0.824649
0.490965
0.426347
0.551850
0.545161
0.633575
0.647668
0.317238
0.419819
0.620202
0.446020
0.494803
0.629615
0.539479
0.376812
0.334252
0.508052
0.194714
0.163572
0.205123
0.395274
0.306406
0.161237
0.176056
0.308375
0.045509
0.076847
-0.026478
0.000000
0.000000
0.081319
0.082986
0.039754
-0.029955
-0.072300
0.014028
0.271600
0.183167
0.171582
0.337259
0.412262
0.440055
0.203512
0.504408
0.541525
0.420809
0.504965
0.593127
0.446449
0.531957
0.631666
0.526010
0.644097
0.595492
0.611648
0.726393
0.788557
0.668084
0.745769
0.791097
0.736700
0.804006
0.798545
1.022050
0.607505
0.886347
0.771085
0.847616
0.910054
0.897286
0.868404
1.074492
0.983126
0.870964
0.888753
0.867207
0.935325
0.850419
1.083687
1.013847
0.838426
0.945489
0.944360
0.983043
0.857923
1.001133
1.007366
0.967699
0.888633
0.898783
0.772125
0.805094
0.778132
0.862822
0.706586
0.712265
0.805410
0.901895
0.763970
0.714695
0.760023
0.750837
1.011077
0.636592
0.618508
0.601850
0.734323
0.484395
0.541797
0.659003
0.437506
0.714000
0.736185
0.619310
0.264170
0.597641
0.374599
0.303303
0.243724
0.342196
0.247089
0.313678
0.110205
0.098579
0.158855
0.131052
0.198848
0.175190
0.052053
0.000000
0.000000
-0.004937
0.084623
0.202589
0.005982
0.248129
0.143045
0.133285
0.233220
0.140055
0.322416
0.192213
0.364332
0.335908
0.210795
0.401388
0.443960
0.475255
0.536025
0.571573
0.531505
0.601659
0.746494
0.592285
0.659297
0.669616
0.644897
0.578921
0.803228
0.699248
0.663225
0.709965
0.769043
0.833183
0.814882
0.730073
0.962117
0.853051
0.871329
1.001442
0.837681
0.840891
1.086951
0.971822
0.987217
0.967100
0.723451
0.865549
0.982040
0.792626
1.161541
0.935616
1.123469
0.963066
1.037705
0.942883
0.930044
0.909629
0.824264
0.960183
0.853682
0.827330
0.819498
0.960286
0.831178
1.039737
0.876556
0.574780
0.761174
0.701375
0.857746
0.580545
0.604891
0.668136
0.738194
0.678547
0.573445
0.592504
0.670250
0.538022
0.589864
0.624572
0.560373
0.435484
0.489180
0.215606
0.382484
0.230575
0.261966
0.494353
0.231298
0.264317
0.139030
0.113363
0.255447
0.137255
0.191665
-0.110117
-0.033671
-0.011107
0.000000
0.000000
0.174736
0.035181
0.114885
0.175521
0.096258
0.103789
0.188698
0.430164
0.276053
0.353578
0.368634
0.390756
0.383105
0.446092
0.643682
0.558868
0.298572
0.466317
0.541614
0.772207
0.529189
0.697679
0.719479
0.682017
0.626656
0.766820
0.700052
0.643790
0.735222
0.668610
0.751973
0.811321
0.994243
0.921183
0.894879
0.954156
0.803500
0.810164
0.990078
1.006678
1.019442
0.854466
0.791791
0.879063
0.973371
0.901962
0.964322
1.113100
0.849154
0.973531
0.965126
0.942255
1.128876
1.021980
0.979364
0.987356
0.971846
0.927066
0.958735
1.015789
0.946163
0.904182
1.019706
1.020694
0.867053
0.791507
0.615799
0.652566
0.744030
0.812919
0.795679
0.686691
0.537013
0.639668
0.731529
0.728373
0.656725
0.503471
0.665758
0.513778
0.513464
0.499581
0.382585
0.485458
0.425420
0.338515
0.444899
0.451542
0.362002
0.305513
0.199348
0.320894
0.224149
0.172516
0.227141
0.055163
0.015559
0.065760
-0.034231
0.000000
0.000000
0.072917
0.053616
0.103634
-0.007984
0.245005
0.189933
0.079272
0.216119
0.233631
0.291240
0.372477
0.315756
0.442913
0.406019
0.406648
0.337294
0.547322
0.519414
0.548269
0.516005
0.614551
0.766408
0.608422
0.653684
0.690309
0.681343
0.697913
0.894586
0.956897
0.749051
0.788409
0.761340
0.780958
0.885897
0.851380
0.900277
0.826699
1.009366
1.019164
1.030296
0.912570
1.068001
1.023594
0.938051
0.843509
0.738353
0.870344
0.920976
0.583168
0.847870
0.867054
0.958537
0.935835
0.916200
0.998906
0.903769
0.967717
0.806932
0.936156
0.963960
1.101895
1.037713
0.949755
0.738789
0.837132
0.995820
1.084965
0.860014
0.871093
0.715374
0.758914
0.864893
0.710143
0.527943
0.548438
0.641270
0.545452
0.534236
0.684951
0.435512
0.477837
0.501970
0.463537
0.427699
0.370596
0.355901
0.507232
0.311064
0.339983
0.158982
0.164588
0.144668
0.241283
0.209996
0.081381
0.053275
0.148801
0.238030
-0.071101
0.000000
0.000000
0.015879
0.148461
0.084115
0.194658
0.074723
0.338175
0.134244
0.238391
0.055453
0.302644
0.487514
0.429889
0.394423
0.436502
0.457286
0.397132
0.539322
0.468308
0.581544
0.501015
0.486307
0.599779
0.791796
0.616513
0.789208
0.716983
0.857766
0.796444
0.827970
0.826175
0.773131
0.735037
0.746550
0.666886
0.912339
0.829559
0.853446
1.072078
0.998218
0.858219
0.895786
0.921968
0.919857
0.848121
1.081885
0.847969
0.968356
0.867599
0.968681
0.909978
0.802279
0.837443
0.861562
0.949611
0.899370
0.979733
0.901798
0.976751
1.020776
0.975017
0.808517
0.897143
1.046782
0.924874
0.951587
0.971584
0.779498
0.755456
0.760857
0.900352
0.804658
0.728859
0.755902
0.828621
0.640266
0.785158
0.682129
0.587105
0.721444
0.544353
0.524211
0.580901
0.432176
0.399518
0.285424
0.375126
0.473093
0.378222
0.443178
0.392539
0.381863
0.262342
0.196374
0.313512
0.254737
-0.213194
0.118944
0.080388
-0.219976
0.000000
0.000000
-0.202607
-0.217288
0.018692
0.129975
0.304644
0.056640
0.161689
0.297217
0.215564
0.345137
0.116546
0.137514
0.408271
0.306514
0.346607
0.505270
0.308472
0.371570
0.581847
0.595775
0.682735
0.808250
0.597100
0.677983
0.789592
0.627600
0.720312
0.700268
0.743962
0.864816
0.791923
0.889215
0.773136
0.765982
0.883263
0.951345
0.974243
0.846979
0.958481
0.870395
0.904020
1.032871
1.023971
0.873207
1.123080
0.931762
1.012263
1.168366
1.077617
1.074710
1.036842
1.193641
0.892789
0.910983
0.995105
1.036308
0.847250
0.788062
1.123776
0.959010
0.895152
0.894714
0.983167
0.873925
1.035295
0.812313
0.968554
0.750459
0.900192
0.857834
0.675574
0.808490
0.823902
0.788347
0.758389
0.715215
0.567943
0.528804
0.515340
0.650052
0.446795
0.464619
0.411987
0.495972
0.373296
0.377400
0.271659
0.355999
0.330217
0.295895
0.216269
0.297089
0.207400
0.144953
0.262803
0.175023
0.135441
0.140310
0.012218
0.000000
0.000000
-0.051079
0.026772
0.065925
0.138556
0.123636
0.180817
0.335218
0.115725
0.482780
0.306362
0.396097
0.284385
0.474315
0.504244
0.453251
0.475273
0.527475
0.588119
0.505956
0.489952
0.726552
0.624185
0.555379
0.885658
0.866297
0.786367
1.098610
0.769701
0.792377
0.653233
0.768303
0.822790
0.701564
0.913055
0.821646
0.879182
0.819473
0.804691
0.946041
0.959712
0.846612
0.920504
0.918759
0.995628
1.246083
0.976596
0.832305
0.959925
0.915069
1.098815
0.983335
0.865353
0.882669
0.987397
0.946173
0.975209
1.085540
0.841981
1.068584
0.868241
0.963759
0.972632
0.845625
1.024997
1.028211
0.942935
1.010355
0.679469
0.856134
0.810691
0.731777
0.798561
0.615987
0.802264
0.807880
0.528119
0.476620
0.728225
0.576260
0.490856
0.556789
0.452020
0.434488
0.610880
0.188400
0.340360
0.234759
0.559670
0.127411
0.187550
0.164704
0.161094
0.056824
-0.010964
-0.045620
0.206281
0.125128
0.046212
-0.152224
0.000000
0.000000
-0.078424
0.117423
0.061196
0.054653
-0.004704
0.196168
0.193086
0.224349
0.179715
0.212839
0.339159
0.434925
0.460927
0.336590
0.492236
0.535348
0.503982
0.477404
0.628626
0.866039
0.701440
0.612526
0.755770
0.743424
0.632261
0.817428
0.824086
0.679514
0.777014
0.658335
0.905331
0.655492
1.049330
0.653551
0.828769
0.675286
0.908892
0.967007
0.902655
0.980274
1.104306
0.986404
0.953337
0.934237
0.988023
1.124748
0.922110
0.866899
0.970671
1.037309
1.119166
0.918075
0.993203
0.953301
1.034057
1.064064
0.923732
1.079636
1.000551
0.864420
0.964260
1.028573
0.838810
0.807685
1.040238
0.849552
0.803711
0.811791
0.815655
0.867266
0.854626
0.770224
0.687299
0.754851
0.987569
0.619240
0.661352
0.697457
0.515263
0.816265
0.777156
0.533565
0.569831
0.522325
0.383443
0.393968
0.492418
0.333938
0.330346
0.373162
0.294328
0.377942
0.248395
0.213305
0.134486
0.137558
0.062195
0.161303
0.156191
0.000000
0.000000
-0.004283
0.089146
-0.024501
0.089337
0.120335
0.270445
0.288510
0.369024
0.361551
0.382871
0.327903
0.287700
0.328600
0.451374
0.306991
0.496925
0.471691
0.469990
0.607890
0.571357
0.638174
0.663383
0.662750
0.978105
0.516275
0.818150
0.839971
0.886858
0.714492
0.840222
0.697367
0.780180
0.872001
0.812895
0.848130
1.041246
0.978908
0.834745
0.845963
0.865839
0.946149
0.982379
0.888806
0.987817
0.867007
0.951208
1.130484
1.104078
0.853280
0.973993
1.106769
0.942053
1.036674
0.967615
1.130082
1.163080
0.902104
0.830828
0.960277
1.007976
0.912470
0.782528
0.899905
1.002351
0.874370
0.916657
0.745448
0.856366
0.772820
0.868125
0.905554
0.663990
0.720280
0.732970
0.501128
0.414577
0.672231
0.578864
0.559225
0.432548
0.496832
0.516065
0.403957
0.311903
0.590641
0.509321
0.566403
0.500079
0.329941
0.330580
0.285090
0.337052
0.074066
0.175229
0.116924
0.046651
-0.012536
0.199274
0.059500
0.000000
0.000000
0.100420
-0.064954
0.104424
0.273836
0.100348
0.051742
0.263786
0.217331
0.372122
0.440769
0.271283
0.301672
0.310069
0.232140
0.327963
0.649398
0.418281
0.513144
0.631811
0.858788
0.674969
0.593462
0.805606
0.789374
0.644145
0.750095
0.798514
0.693029
0.652210
0.871190
0.953799
0.630700
0.994289
0.822372
0.779018
0.855571
0.955339
1.086682
0.903197
1.170307
0.915360
1.004415
1.075709
1.052203
0.879570
0.989962
0.931936
0.956645
0.994504
1.044874
1.012985
1.055031
1.065071
0.867727
1.013556
1.107727
0.964704
0.888300
1.050483
0.990458
0.850925
0.918498
0.853543
0.929678
0.911897
0.849619
0.876251
0.716410
0.857825
0.836428
0.776088
0.675860
0.684971
0.694075
0.709410
0.867910
0.655941
0.503865
0.769661
0.386004
0.532247
0.473547
0.486645
0.443583
0.374836
0.404431
0.405208
0.369868
0.332950
0.300644
0.289290
0.611254
0.179083
0.222425
0.055239
-0.115051
0.263551
0.121925
0.008537
0.000000
0.000000
0.155323
0.125191
-0.009508
0.119359
0.438794
0.328326
0.213545
0.399563
0.256324
0.093727
0.250369
0.531907
0.339934
0.551581
0.331277
0.566281
0.634122
0.734694
0.466775
0.598041
0.714683
0.664191
0.634771
0.671327
0.772846
0.525684
0.844895
0.778148
0.759724
0.840586
0.764693
0.813308
0.940620
1.045962
0.922538
0.659232
1.057739
0.944161
0.934238
0.969446
0.950647
0.899028
0.831444
0.861234
0.994615
0.976824
0.876775
1.120120
0.784795
1.109680
1.019177
0.897677
1.022620
0.782973
1.098116
1.056797
0.881248
0.960217
0.920643
0.982617
0.811052
0.736503
1.017717
1.021625
0.820355
0.817461
0.846225
0.873779
0.772099
0.960531
0.713689
0.564640
0.686302
0.643642
0.697889
0.654365
0.789801
0.687678
0.723208
0.405658
0.424927
0.504807
0.702562
0.530362
0.352882
0.290963
0.395044
0.500916
0.157531
0.267162
0.523284
0.362593
0.071713
0.368110
0.296614
0.213922
0.095685
0.052110
0.109702
0.000000
0.000000
0.156401
-0.030543
0.218059
0.195761
0.131499
0.159240
0.198973
0.231081
0.209194
0.116025
0.397522
0.457832
0.468370
0.510394
0.445914
0.309492
0.545637
0.452309
0.722014
0.488779
0.632070
0.593380
0.593480
0.594232
0.731748
0.787576
0.835856
0.764111
0.718813
0.941388
0.782761
1.052014
0.995954
0.663309
1.058318
0.791456
0.842955
0.894869
1.076197
0.833158
0.990670
0.948289
1.108875
0.997673
1.084048
1.128784
1.203562
1.032987
1.081858
0.910175
0.876920
0.664605
0.783991
0.969742
1.120520
1.089648
1.011193
0.898749
1.058050
0.766426
1.010714
0.967476
0.892456
0.766274
0.883236
1.024413
0.901978
0.778361
0.641314
0.728856
0.724527
0.954686
0.557357
0.577896
0.620143
0.824616
0.669395
0.755061
0.716619
0.573681
0.644707
0.497079
0.589642
0.801394
0.309931
0.414989
0.356121
0.304351
0.643649
0.192516
0.106606
0.222366
0.300071
0.025682
0.165682
0.271405
0.244738
-0.061637
-0.076049
0.000000
0.000000
0.027701
-0.014354
0.015295
0.096901
-0.071686
0.209525
0.022969
0.176586
0.229333
0.169377
0.177034
0.430393
0.293065
0.560447
0.502193
0.497342
0.582727
0.709167
0.685222
0.649991
0.727275
0.624270
0.554357
0.817668
0.735553
0.650737
0.639195
0.879799
0.725270
0.835650
1.033715
0.806846
1.060442
0.953079
0.915376
0.918277
0.941017
0.949438
0.962340
1.015089
1.148517
0.876378
1.003500
0.926594
1.061472
1.066959
1.020398
0.981276
0.822059
1.292702
0.743570
1.078054
0.977351
0.915672
1.088596
1.042666
1.018849
0.795149
1.066743
0.929762
0.950519
0.785690
1.017374
1.026854
0.961540
0.926956
0.960862
0.858780
0.831576
0.805564
0.788864
0.917069
0.930929
0.690876
0.771896
0.750112
0.693915
0.554126
0.674808
0.549615
0.461496
0.693966
0.390056
0.345194
0.439790
0.359297
0.349085
0.529093
0.448372
0.159021
0.326435
0.437350
0.159793
0.185814
0.100585
0.228260
0.123484
0.101163
-0.031319
0.000000
0.000000
0.040344
0.091227
0.139245
0.085618
0.027182
0.330520
0.224595
0.106012
0.266644
0.451600
0.350754
0.558796
0.262221
0.251331
0.368645
0.438097
0.577610
0.590251
0.437799
0.560441
0.689568
0.675327
0.527354
0.740519
0.635889
0.599596
0.793460
0.682447
0.871137
0.844964
0.817759
0.839220
0.994135
0.829666
0.985551
0.991507
0.858321
1.010253
0.999571
0.895307
1.107394
0.912840
1.110199
1.040256
0.905419
1.121973
1.344847
0.976713
1.051618
0.936914
1.136459
1.100572
1.052653
1.111493
0.931756
0.993413
1.021920
0.894341
0.864219
0.979407
1.124357
0.858927
0.999261
0.915656
0.848973
0.812671
0.902899
1.011762
0.795507
1.009856
0.855640
0.725235
0.745342
0.776357
0.850916
0.742272
0.683093
0.565684
0.743509
0.572900
0.571631
0.560396
0.543934
0.362399
0.374227
0.384110
0.354906
0.389198
0.442353
0.310954
0.233030
0.236854
0.203786
0.264785
0.126894
0.319968
0.191514
0.116446
-0.036285
0.000000
0.000000
0.179298
-0.016192
0.155595
0.075819
-0.041578
0.132027
0.196491
0.299781
0.379833
0.318702
0.282794
0.217787
0.571967
0.273263
0.396949
0.517129
0.581605
0.402695
0.634147
0.651662
0.676101
0.605215
0.631409
0.594337
0.773635
0.829924
0.745198
0.772158
0.903979
0.978510
0.863544
0.656506
0.893139
0.991432
1.027799
0.886454
0.848577
0.983921
0.888996
1.084301
0.870884
0.867288
1.051177
1.097044
0.886379
1.122301
0.952909
1.046448
0.900149
1.089318
0.954330
0.841384
1.013335
1.108774
1.152487
0.858389
0.937409
1.138840
1.065585
1.077520
0.880591
0.942782
0.881338
1.108860
0.960011
0.939338
0.838837
0.853556
1.066198
0.832201
0.809548
0.877347
0.815418
0.810076
0.601091
0.673184
0.575004
0.837807
0.589174
0.711365
0.490175
0.519113
0.423029
0.477107
0.466612
0.415979
0.384450
0.227406
0.122301
0.318949
0.239327
0.101134
0.475360
0.283412
0.177169
0.223613
0.058048
0.174038
-0.053132
0.000000
0.000000
-0.034940
0.013636
0.059098
0.262372
0.081313
0.209183
0.280696
0.348047
0.100335
0.410293
0.313393
0.399479
0.282534
0.405145
0.586485
0.480395
0.547662
0.202371
0.637225
0.575952
0.566046
0.650241
0.809880
0.736348
0.609965
0.635678
0.752998
0.819489
0.931077
0.740363
0.806119
0.827365
0.998133
0.816343
0.877451
0.720286
0.842308
0.818812
0.985216
0.783533
0.989007
0.962305
0.909872
0.906556
0.973943
0.959654
0.993007
1.043284
1.060798
1.127583
1.007636
0.970722
0.975979
0.923663
0.947634
0.920615
0.882439
1.022894
1.047942
0.958333
0.932748
0.874748
0.857496
1.061394
0.959524
0.950561
0.931685
0.853045
0.888110
0.878587
0.744758
0.965923
0.787607
0.659699
0.733851
0.870613
0.728289
0.710198
0.491344
0.666987
0.562609
0.508637
0.573633
0.570748
0.293821
0.365048
0.225503
0.323555
0.345015
0.514661
0.316333
0.237940
0.100710
0.117185
0.265630
-0.079478
0.163320
0.034035
0.037967
0.000000
0.000000
0.131519
0.030321
0.024371
0.118609
0.092360
0.023316
0.267836
0.380545
0.114279
0.453574
0.532597
0.374252
0.429184
0.505076
0.452027
0.534542
0.537638
0.486650
0.486829
0.658580
0.643715
0.677416
0.574078
0.364962
0.807626
0.744451
0.870031
0.893749
0.514990
0.910212
0.765764
0.913938
0.890644
0.842442
0.872371
0.897278
0.915953
0.891381
0.776256
0.947028
0.867949
0.894212
0.948504
1.064064
0.939965
1.112061
1.094407
0.968524
0.936704
1.006725
0.917637
0.963338
1.006330
1.078106
0.712685
1.018098
0.943963
0.865516
0.916448
0.657243
0.837450
0.881603
0.755413
1.002729
0.907441
0.843481
0.701406
0.901261
0.764530
0.821029
0.921442
0.775208
0.671307
0.624993
0.794648
0.789147
0.748725
0.589189
0.450827
0.755930
0.333797
0.636341
0.473440
0.506692
0.584907
0.393261
0.483901
0.423306
0.209680
0.358502
0.100815
0.330486
0.151646
0.174348
0.163534
0.075429
-0.009882
0.015140
-0.006985
0.000000
0.000000
0.082967
-0.137010
0.027860
0.196195
0.220435
0.352478
0.313864
0.349431
0.323329
0.216882
0.381037
0.308403
0.118769
0.323037
0.388141
0.690062
0.558692
0.506451
0.491687
0.528367
0.335689
0.489775
0.656269
0.636346
0.721364
0.575183
0.646657
0.530515
0.850200
1.022373
0.746862
0.870175
0.765956
0.844783
0.826354
0.867963
0.919173
0.905600
1.039006
0.930719
0.978654
0.993273
1.072542
0.872562
1.093959
0.861750
0.942307
0.897586
0.874443
1.026815
1.010829
1.078810
1.025312
0.960989
1.067072
1.020912
0.860499
1.067349
0.879962
1.064720
0.828344
0.853658
0.995707
0.777931
0.917605
0.775572
0.847296
0.859503
0.837380
0.818910
0.898012
0.918592
0.722037
0.560031
0.767050
0.741615
0.615331
0.742812
0.564198
0.567568
0.538525
0.541013
0.490386
0.608471
0.548259
0.474350
0.371271
0.462101
0.275190
0.352232
0.267949
0.351054
0.411575
0.237178
0.280953
0.146265
0.087516
-0.149680
-0.049267
0.000000
0.000000
-0.055897
0.088869
-0.016703
0.266090
0.205765
0.176068
0.413943
0.333792
0.229543
0.315636
0.299005
0.508897
0.502445
0.391196
0.522649
0.448929
0.504314
0.403984
0.557363
0.593502
0.597767
0.526017
0.592906
0.720806
0.833031
0.758293
0.869705
0.618466
0.682884
0.960178
0.855088
0.773752
0.785955
0.606620
0.930105
0.996396
0.923712
0.922525
0.986758
0.808768
0.797643
1.049340
1.092685
1.048518
1.010683
1.032818
1.079976
0.912491
0.946862
0.982517
0.774481
0.857957
0.940843
1.074982
1.048943
0.872347
1.081612
1.124478
0.907753
0.928300
0.841458
1.051219
0.824022
0.956221
0.979262
0.807413
0.862647
0.941821
0.742458
0.731051
0.600698
0.620715
0.732448
0.547664
0.575070
0.531738
0.605295
0.730919
0.598144
0.631430
0.615647
0.491184
0.544655
0.457465
0.462947
0.583989
0.248314
0.309931
0.336400
0.395566
0.242588
0.144552
0.249480
0.201967
-0.028542
0.119960
-0.126393
0.122495
-0.086987
0.000000
0.000000
0.041774
0.089075
-0.035901
0.169067
0.029123
0.076449
0.357334
0.183901
0.200179
0.266281
0.330365
0.311203
0.538678
0.409668
0.319062
0.382598
0.453248
0.461351
0.624612
0.484875
0.729106
0.470832
0.730443
0.602603
0.691142
0.746123
0.646868
0.724629
0.796923
0.831997
0.684089
0.899818
1.067083
0.967336
0.924333
1.003417
0.943545
0.951817
1.002353
0.778865
0.899900
0.895579
0.927356
1.066420
0.891853
1.160751
1.078480
0.891941
0.963634
0.904125
0.879436
1.014997
1.038800
0.879944
0.866849
0.796879
0.876525
0.984755
0.847216
0.708146
0.607353
0.835390
1.053050
0.822483
1.004842
0.895529
1.029533
0.693014
0.704670
0.962515
0.812212
0.920285
0.696064
0.759229
0.845926
0.616734
0.658052
0.475067
0.569240
0.504610
0.619832
0.624560
0.376735
0.440271
0.441968
0.114154
0.400086
0.220614
0.180552
0.520387
0.205175
0.274670
0.133436
0.196875
0.193435
0.172331
-0.098907
-0.000028
-0.009486
0.000000
0.000000
0.000266
-0.003488
0.055830
0.027352
0.222613
0.092923
0.092376
0.296774
0.275005
0.296735
0.269331
0.292439
0.269213
0.463507
0.475440
0.457075
0.539015
0.641390
0.462007
0.362732
0.753857
0.587413
0.601367
0.713984
0.796757
0.698010
0.655008
0.731348
0.645251
0.858221
0.754739
0.893687
0.935774
0.666236
0.852916
0.937722
0.938417
1.007113
0.776130
0.922909
0.879082
0.889336
1.013448
0.886246
1.123453
1.080694
0.985340
1.127579
0.950954
0.886353
1.118031
1.028734
0.868513
1.008327
0.971758
0.890265
0.836489
0.768475
0.872404
0.977861
0.911343
0.991931
0.681766
0.815266
0.869913
1.016006
0.717134
0.785267
0.870101
0.828723
0.737839
0.688549
0.747190
0.712200
0.617193
0.650837
0.561543
0.723304
0.565630
0.473314
0.485559
0.358844
0.502391
0.598830
0.507188
0.377194
0.322506
0.376358
0.151687
0.392738
0.174020
0.303766
0.267908
0.174538
0.310520
0.005141
0.184390
-0.029779
-0.188700
0.000000
0.000000
0.077794
0.053416
0.192956
0.242027
0.208869
0.112926
0.294986
0.284911
0.350049
0.242994
0.384850
0.196929
0.356915
0.504319
0.370337
0.467275
0.464989
0.568357
0.630213
0.726345
0.680285
0.702979
0.682897
0.858751
0.587964
0.594864
0.866679
0.765886
0.585738
0.755993
0.818512
0.991680
0.926088
0.815555
0.843521
0.965491
0.829784
0.941865
0.929712
1.038753
0.762312
0.957781
1.027619
0.988175
0.919335
0.927716
1.033534
0.943020
0.946058
0.902658
1.008045
1.006305
0.941423
1.096122
0.885087
1.118950
0.768253
1.042310
0.879208
0.882399
1.090924
0.825273
0.984157
0.912147
0.894850
0.834640
0.920370
0.869364
0.961188
0.800931
0.866632
0.735602
0.893830
0.688390
0.663670
0.727478
0.472358
0.594103
0.672307
0.430862
0.417721
0.454739
0.546426
0.505857
0.474090
0.470196
0.419674
0.372229
0.184422
0.192938
0.401696
0.348786
0.344904
0.158816
0.269956
0.141985
-0.054684
0.082207
0.025027
0.000000
0.000000
-0.068643
0.210074
0.225309
-0.059342
0.275087
0.261451
0.105649
0.140370
0.259412
0.349680
0.396519
0.450375
0.258872
0.510187
0.294781
0.518979
0.397872
0.599808
0.359925
0.521825
0.491317
0.737780
0.491225
0.665592
0.615978
0.816900
0.842263
0.693084
0.727141
0.982714
0.773731
0.916679
0.827423
0.974296
0.952040
0.683448
0.866498
0.995179
0.883364
0.796754
0.976823
1.013256
0.924924
0.920396
0.818898
0.918106
0.797688
0.962709
0.796062
0.917055
1.057000
0.918380
0.879804
1.219067
1.053076
0.879009
0.762032
0.871825
0.834380
1.010044
0.912513
1.027303
0.768564
0.866027
0.841176
0.724991
0.817706
0.725304
0.877994
0.727535
0.813313
0.590260
0.740897
0.571670
0.533711
0.548992
0.695638
0.672998
0.613378
0.519337
0.581291
0.580417
0.645901
0.490479
0.431709
0.428828
0.313763
0.310834
0.314432
0.321986
0.277548
0.276193
0.215256
-0.114967
0.160820
0.264266
-0.044515
0.051190
-0.030716
0.000000
0.000000
0.107809
0.017687
0.071299
0.094958
-0.048775
0.145384
0.253783
0.322027
0.262742
0.250216
0.327870
0.450376
0.342430
0.277793
0.386902
0.437693
0.426380
0.540162
0.488768
0.408812
0.402669
0.706826
0.614352
0.644380
0.759763
0.561359
0.671403
0.808112
0.645553
0.708541
0.700119
0.778793
0.693984
0.689537
0.887652
0.685434
0.784789
0.927835
0.860953
0.947292
0.756740
1.120994
0.837619
0.887161
1.001376
0.885813
0.947486
0.808771
1.006299
0.794878
0.988830
0.961270
1.003010
0.849701
0.861260
0.862567
1.142575
0.921186
0.791932
0.919731
0.891266
0.849233
0.818407
1.017527
0.984927
0.845914
0.855167
0.744302
0.812018
0.753092
0.684654
0.837094
0.718953
0.569671
0.695562
0.434126
0.509754
0.753712
0.653607
0.654416
0.419680
0.527555
0.488634
0.544703
0.402577
0.565514
0.255912
0.332539
0.403935
0.237873
0.408355
0.154318
0.128720
0.122516
0.234685
0.034342
0.090506
-0.092174
0.037858
0.000000
0.000000
0.033588
0.031237
-0.054993
0.106188
0.074550
0.160698
0.039424
0.327784
0.302723
0.255972
0.262412
0.336247
0.395769
0.183634
0.410003
0.316042
0.438229
0.350511
0.542893
0.580397
0.481641
0.551130
0.740072
0.532159
0.588430
0.564649
0.575807
0.850378
0.460728
0.653304
0.805857
0.774489
0.825424
0.818993
0.702791
0.855380
0.800227
0.892634
1.026698
0.874841
0.908433
0.742505
0.869133
1.017313
1.007952
1.018620
0.909417
0.886999
0.911371
1.093855
0.924267
1.021863
0.834677
0.873284
0.910610
0.923926
0.830444
1.025882
0.809038
1.027145
0.980250
0.959767
0.730830
0.979676
0.711930
0.676685
0.859057
0.946611
0.930637
0.731975
0.701542
0.762209
0.865545
0.685480
0.642037
0.656200
0.531931
0.575712
0.501475
0.539337
0.569149
0.631352
0.498802
0.357480
0.335484
0.424091
0.409440
0.288066
0.532814
0.245240
0.176759
0.282377
0.335251
0.251443
0.107479
0.066872
0.182297
0.093687
-0.034399
0.000000
0.000000
0.079207
0.099555
0.127502
0.000640
0.093780
0.146981
0.168743
0.262811
0.140631
0.319911
0.361496
0.342431
0.395912
0.439512
0.545810
0.362093
0.312599
0.428130
0.284009
0.499597
0.634026
0.448050
0.537811
0.693800
0.518937
0.940143
0.603851
0.716266
0.537374
0.862230
0.815538
0.722151
0.606101
0.846021
0.722144
0.796170
0.931028
0.835152
0.831473
0.987287
1.016696
0.783645
0.919986
0.821290
0.968011
1.033452
0.997298
0.850411
0.772083
0.868545
0.933918
0.913942
1.012583
1.010741
0.984713
1.001865
0.927538
0.816281
0.875754
0.764181
1.027982
0.748496
0.963639
0.890337
0.942211
0.801059
0.730040
0.659989
0.852821
0.775691
0.706467
0.664960
0.608715
0.698423
0.663544
0.614779
0.609073
0.827436
0.632171
0.577828
0.602714
0.573367
0.379104
0.347012
0.525513
0.412824
0.416906
0.305943
0.251095
0.433615
0.507240
0.344629
0.241572
0.212570
0.267877
0.094846
0.015838
0.018123
-0.047886
0.000000
0.000000
-0.123962
-0.092177
0.256358
0.104383
0.045639
0.086387
0.068944
0.245079
0.217961
0.290930
0.200380
0.215945
0.382717
0.289494
0.285933
0.460374
0.549374
0.432359
0.517898
0.367195
0.668162
0.592784
0.582391
0.689405
0.686633
0.636005
0.732936
0.462969
0.603230
0.578902
0.914916
1.034419
0.828402
0.833627
0.898286
0.877083
0.701658
0.870144
0.957735
0.744403
1.019341
0.751347
0.680595
0.706761
0.869154
0.945664
0.872629
0.945758
0.834378
0.835207
0.868084
0.904323
0.810473
0.865228
0.840224
0.861941
1.045041
0.812912
0.807207
0.756345
0.896783
0.699326
0.851871
0.785411
0.811943
0.751287
0.662868
0.755199
0.648738
0.630694
0.631579
0.659172
0.797415
0.806182
0.610201
0.613029
0.533933
0.688305
0.256730
0.515658
0.623432
0.496891
0.576215
0.346367
0.517654
0.529392
0.321259
0.214474
0.417978
0.225449
0.236537
0.386247
0.207782
0.315214
0.088657
0.054604
0.123775
-0.013255
-0.150155
0.000000
0.000000
0.093628
0.191125
-0.039725
-0.038435
0.094008
0.094148
0.150364
0.187247
0.237399
0.306323
0.206644
0.260823
0.447846
0.308026
0.313091
0.507874
0.435416
0.487068
0.415581
0.638264
0.505182
0.418292
0.695025
0.419094
0.632418
0.704787
0.685084
0.525193
0.605607
0.662358
0.654477
0.614785
0.666910
0.720253
0.835031
0.808272
0.948310
0.955425
0.916564
0.933085
0.913099
0.800407
0.969273
0.924008
0.911943
0.786914
0.807333
0.828387
0.945424
0.956515
0.802526
0.830175
0.783169
0.779275
0.653553
0.886167
0.876601
0.945092
0.827284
0.849666
0.828719
0.790678
0.804402
0.699624
0.716385
0.872821
0.747252
0.744094
0.699250
0.678061
0.781122
0.593044
0.730138
0.651941
0.636922
0.433998
0.677391
0.583028
0.509228
0.448301
0.446796
0.351714
0.340091
0.406991
0.345692
0.602178
0.280262
0.345412
0.388146
0.053059
0.331905
0.261071
0.346342
0.165671
-0.005942
0.267540
0.194392
-0.101851
0.084251
0.000000
0.000000
-0.113169
-0.163558
-0.138486
0.168015
0.247896
0.054715
0.261447
0.253208
0.249564
0.216435
0.385327
0.401645
0.385235
0.499069
0.331174
0.279222
0.358529
0.422775
0.676067
0.633658
0.515739
0.638103
0.556360
0.694923
0.743628
0.607527
0.595340
0.698931
0.675550
0.674161
0.745637
0.769976
0.735674
0.854659
0.833394
0.920923
0.926534
0.748228
0.939732
0.777203
0.884655
0.916790
1.065757
0.908228
0.805741
0.895117
0.845313
0.886716
1.046551
0.711003
0.769834
0.840794
0.972944
0.905701
0.839574
0.949014
0.869765
0.842039
0.698275
1.033477
1.069845
0.882057
0.747213
0.947791
0.939688
0.811977
0.776211
0.541990
0.796241
0.473325
0.706371
0.731263
0.764375
0.609621
0.658549
0.478574
0.433645
0.651940
0.491426
0.544635
0.536702
0.355896
0.404353
0.533883
0.429259
0.544776
0.301230
0.407849
0.222509
0.211185
0.263845
-0.098793
0.125557
0.315456
0.140567
0.193942
-0.011970
0.140602
-0.115348
0.000000
0.000000
0.030213
-0.032288
0.130875
0.164225
0.014025
0.018480
0.228079
0.318918
0.229532
0.084628
0.263157
0.533414
0.463483
0.311923
0.359535
0.295841
0.489064
0.635360
0.510663
0.412679
0.691493
0.531510
0.601702
0.621760
0.617101
0.339369
0.693278
0.606706
0.538393
0.646018
0.698602
0.746758
0.649760
0.719120
0.746511
0.860166
0.700981
0.852006
0.869600
0.991814
0.805145
0.699204
0.672553
0.894535
0.827151
0.799075
0.957716
1.064525
0.871108
0.906711
0.847428
0.865416
0.862192
0.745044
0.893436
0.852254
0.860689
0.984735
0.881285
0.809296
0.794605
0.887363
0.839009
0.729744
0.637135
0.842282
0.728150
0.832061
0.690217
0.620023
0.827333
0.537174
0.614184
0.487892
0.392773
0.513460
0.528319
0.675703
0.791369
0.483934
0.584236
0.479177
0.343571
0.433109
0.449009
0.272764
0.380158
0.101075
0.249336
0.169563
0.324031
0.121432
0.255496
0.021194
-0.003240
0.098104
-0.046908
0.280703
0.050470
0.000000
0.000000
0.043503
0.214795
0.085904
0.027385
0.122328
0.010986
0.281719
0.293251
0.349614
0.239219
0.346716
0.416920
0.248165
0.395631
0.292555
0.552652
0.256060
0.393301
0.589887
0.530000
0.401060
0.412469
0.889654
0.640134
0.553857
0.527749
0.553601
0.626903
0.801611
0.502482
0.754328
0.861323
0.770990
0.835665
0.769646
0.855990
0.787687
0.886551
0.781495
0.775761
0.722094
0.839994
0.836163
0.691606
0.913916
0.765791
0.909970
0.764421
0.786656
0.806207
1.003402
0.799049
0.981041
0.780663
0.766317
0.815494
0.893933
0.789635
0.700302
0.706663
0.773153
0.628102
0.797308
0.589808
0.689305
0.761292
0.703154
0.495344
0.593268
0.598143
0.550243
0.543011
0.592584
0.608135
0.831903
0.512371
0.602371
0.789923
0.474697
0.351766
0.445237
0.428453
0.482373
0.420061
0.428365
0.479602
0.459532
0.356398
0.333562
0.308100
0.269913
0.195731
0.261716
-0.020175
0.161268
0.081326
0.088816
-0.025187
0.145891
0.000000
0.000000
0.051036
0.026612
0.226163
0.080994
0.234731
0.139949
0.068439
0.177325
0.212819
0.460147
0.064480
0.349374
0.373878
0.266417
0.300452
0.462675
0.337527
0.390907
0.373404
0.557785
0.456569
0.535285
0.607716
0.474360
0.657788
0.573624
0.733395
0.742275
0.676050
0.555246
0.745132
0.768056
0.661537
0.945269
0.705997
0.681777
0.645166
0.773416
0.890943
0.952503
0.840787
0.720697
0.877897
0.864551
0.772974
0.806244
0.785217
0.701900
0.800067
0.734843
0.746250
0.864188
0.688935
0.736948
0.842215
0.770656
0.782984
0.660737
0.845321
0.863268
0.576245
0.556217
0.766627
0.859402
0.775709
0.771945
0.769788
0.709295
0.794576
0.775625
0.668815
0.491045
0.693756
0.634501
0.475070
0.612092
0.441923
0.404075
0.369242
0.473489
0.340048
0.390350
0.372148
0.491421
0.399804
0.286379
0.365295
0.176000
0.184881
0.368655
0.233105
-0.015292
0.264100
0.021210
0.145541
0.105314
0.105905
0.293675
0.043104
0.000000
0.000000
0.334382
-0.016743
0.003188
0.064316
0.172612
0.350891
0.176385
0.142297
0.093769
0.281865
0.059608
0.387457
0.334544
0.255564
0.396563
0.533909
0.387966
0.558694
0.304636
0.472849
0.627754
0.386272
0.461952
0.632506
0.672087
0.592101
0.412241
0.571367
0.561748
0.554093
0.807981
0.647506
0.734518
0.612716
0.893475
0.701367
0.755455
0.633331
0.751852
0.568518
0.798441
0.775470
0.832137
0.719170
0.826823
0.783334
0.738144
0.784760
0.860595
0.698984
0.741928
0.542921
0.641125
0.830373
0.751546
0.688068
0.850170
0.866042
0.831680
0.680008
0.629154
0.809242
0.629310
0.706526
0.804074
0.715127
0.678070
0.494375
0.548945
0.639127
0.613906
0.839214
0.575876
0.548834
0.735459
0.620418
0.493458
0.441020
0.531976
0.499667
0.353477
0.418954
0.298584
0.354094
0.292803
0.150863
0.336261
0.416028
0.381504
0.352903
0.107012
0.249780
0.268569
0.097066
0.124053
0.042920
0.007296
0.179249
0.116925
0.000000
0.000000
0.081111
-0.146579
0.096100
0.297227
0.174673
0.227683
0.264246
0.161750
0.232767
0.000331
0.147584
0.228726
0.104358
0.395614
0.317226
0.263358
0.442710
0.387103
0.590172
0.515289
0.384406
0.445789
0.423844
0.504116
0.581970
0.447042
0.652743
0.524011
0.558935
0.476818
0.578539
0.576483
0.696945
0.628447
0.759297
0.854825
0.664248
0.824488
0.441703
0.784194
0.622619
0.673530
0.739448
0.787886
1.014959
0.848416
0.870693
0.664204
0.770228
0.876585
0.604203
0.744708
0.775930
0.674316
0.707360
0.821143
0.767242
0.913085
0.834261
0.654498
0.763739
0.776152
0.804107
0.640233
0.799753
0.779146
0.494973
0.423789
0.594126
0.654575
0.573751
0.523688
0.667187
0.595493
0.368290
0.639722
0.622765
0.675299
0.525497
0.561961
0.482530
0.411955
0.338103
0.470617
0.363868
0.436437
0.282633
0.156265
0.260181
0.104422
0.258141
0.212801
0.322765
0.025698
0.344457
0.136212
0.098459
-0.110529
-0.131020
0.000000
0.000000
0.143305
0.209510
0.090160
0.101330
-0.096251
0.411609
0.163200
0.156127
0.336259
0.374272
0.265581
0.472952
0.425807
0.386363
0.286434
0.486625
0.342875
0.360798
0.411531
0.496940
0.467253
0.536869
0.625125
0.414817
0.631582
0.681403
0.535751
0.567897
0.564569
0.653693
0.634143
0.563346
0.807838
0.579153
0.674648
0.662705
0.600446
0.751571
0.672429
0.815339
0.840154
0.673818
0.774158
0.556813
0.684311
1.026780
0.852002
0.667350
0.630885
0.735734
0.797358
0.809445
0.697771
0.710515
0.725751
0.718057
0.933015
0.675721
0.995466
0.847788
0.881147
0.694596
0.825380
0.811843
0.599769
0.803069
0.577723
0.597030
0.535744
0.700239
0.666405
0.810323
0.588186
0.589386
0.536819
0.425069
0.630179
0.395685
0.386173
0.624563
0.200581
0.610476
0.444745
0.307966
0.444637
0.194992
0.144247
0.477424
0.361114
0.216258
0.393013
0.148003
0.028719
0.152139
0.037680
0.002163
0.026892
0.138774
-0.074201
0.000000
0.000000
-0.026403
0.055493
-0.058563
0.186464
0.087477
0.090839
0.081870
0.036567
-0.012658
0.295864
0.221064
0.202692
0.301640
0.383285
0.465079
0.389288
0.404869
0.408525
0.338862
0.520533
0.476762
0.731568
0.472345
0.541387
0.318673
0.534943
0.434023
0.396534
0.693354
0.575012
0.751955
0.642712
0.732197
0.635529
0.618796
0.744533
0.788893
0.714918
0.765117
0.666611
0.677369
0.705149
0.659329
0.660108
0.619830
0.816497
0.648360
0.753809
0.733014
0.770159
0.713272
0.943294
0.850023
0.715556
0.844471
0.645292
0.747155
0.745451
0.828248
0.787381
0.711547
0.858101
0.507705
0.788790
0.556996
0.548044
0.710620
0.657303
0.773642
0.497324
0.730978
0.606761
0.597985
0.486089
0.580688
0.358274
0.506590
0.600343
0.470386
0.447697
0.576056
0.457543
0.437887
0.230893
0.359369
0.242895
0.260598
0.024307
0.060864
0.213241
0.218572
0.244647
-0.028733
0.117669
0.082158
-0.001640
0.189665
0.148191
0.050888
0.000000
0.000000
-0.061728
0.344702
0.203998
0.255765
0.053763
0.106138
0.131185
0.105774
0.175508
0.285680
0.156514
0.254257
0.223339
0.244706
0.417812
0.311836
0.502519
0.278937
0.145501
0.501150
0.342858
0.412108
0.363977
0.439217
0.505570
0.411527
0.652032
0.764519
0.604161
0.564089
0.511804
0.643966
0.647440
0.688242
0.556122
0.656663
0.781326
0.711975
0.670413
0.598248
0.911327
0.654736
0.621775
0.692793
0.708455
0.856345
0.773744
0.655852
0.514371
0.713887
0.759068
0.752578
0.842569
0.788375
0.670395
0.758927
0.523493
0.777590
0.779757
0.644670
0.876025
0.745407
0.795767
0.553435
0.718387
0.508819
0.560428
0.473973
0.626701
0.523758
0.676619
0.631144
0.536164
0.596313
0.475991
0.555784
0.412128
0.414623
0.369092
0.440537
0.461305
0.469924
0.467562
0.560530
0.399803
0.452147
0.214645
0.312722
0.304599
0.249921
0.116738
0.119626
0.110735
0.250774
0.262883
-0.069250
-0.047878
0.033637
0.037641
0.000000
0.000000
0.071728
-0.098465
-0.075445
0.008276
0.015411
0.090235
0.207115
-0.074620
0.361737
0.255816
0.322697
0.035687
0.304359
0.191982
0.297017
0.471962
0.298947
0.612332
0.514213
0.591637
0.460673
0.513390
0.585858
0.463511
0.368655
0.352690
0.585817
0.503893
0.667294
0.372788
0.793836
0.557072
0.490346
0.554607
0.738220
0.580502
0.821491
0.745674
0.600475
0.816225
0.729415
0.548937
0.693843
0.787618
0.848293
0.722456
0.816612
0.788777
0.656156
0.608466
0.465794
0.701533
0.815728
0.674613
0.575110
0.619148
0.586585
0.645007
0.652447
0.579253
0.479365
0.782853
0.726039
0.473139
0.620949
0.804056
0.695676
0.643392
0.434047
0.433141
0.381225
0.457013
0.465259
0.495361
0.418390
0.466949
0.286306
0.268937
0.629537
0.480874
0.250616
0.513044
0.382500
0.269979
0.300310
0.393568
0.228941
0.329763
0.145435
0.268502
0.269274
0.335810
0.247514
0.085934
0.120502
0.118868
0.061387
0.032363
-0.144199
0.000000
0.000000
0.198123
0.182383
0.000759
0.136165
0.034767
0.219692
0.046586
-0.019483
0.256601
0.137395
0.273864
0.278074
0.246028
0.326127
0.368427
0.444057
0.274506
0.332467
0.329144
0.300686
0.486722
0.429820
0.497374
0.489534
0.529473
0.526182
0.487252
0.496508
0.480140
0.596923
0.581314
0.657668
0.663484
0.651372
0.594870
0.544748
0.624373
0.682497
0.441802
0.688770
0.630673
0.688611
0.501762
0.732773
0.697302
0.571115
0.615433
0.682824
0.722552
0.908560
0.539733
0.722889
0.663004
0.605536
0.701574
0.729131
0.706851
0.662360
0.814963
0.838823
0.480278
0.552014
0.674683
0.562214
0.617800
0.631465
0.530576
0.674276
0.688074
0.624380
0.306510
0.599913
0.484356
0.605464
0.533443
0.470202
0.292078
0.385242
0.316876
0.497797
0.388786
0.468670
0.290701
0.238098
0.209529
0.347863
-0.003237
0.283971
0.111383
0.053654
0.377032
0.050928
0.172239
-0.012004
0.013877
0.032531
-0.134953
0.095204
0.030728
0.000000
0.000000
0.174763
-0.012256
0.065648
0.008002
0.159518
0.129010
0.091459
0.124953
0.192470
0.086529
0.158817
0.274584
0.260394
0.261345
0.495036
0.273115
0.354225
0.239646
0.311196
0.359469
0.429520
0.402576
0.552653
0.341886
0.297733
0.338844
0.522748
0.459706
0.495751
0.450532
0.549739
0.724985
0.419634
0.601999
0.641266
0.646919
0.658712
0.682754
0.757204
0.476972
0.658611
0.689416
0.693743
0.524848
0.425679
0.647235
0.660340
0.675668
0.630505
0.547018
0.572966
0.500051
0.820195
0.673102
0.488412
0.699683
0.585320
0.746870
0.654007
0.719030
0.672860
0.602567
0.565920
0.702913
0.660155
0.342974
0.646426
0.690773
0.561549
0.502657
0.503594
0.453086
0.455742
0.269686
0.580201
0.418878
0.394088
0.400705
0.361942
0.296793
0.285229
0.307105
0.326664
0.277415
0.479471
0.364880
0.179941
0.197166
0.230640
0.226991
0.188076
0.014817
0.121453
0.177625
0.074450
0.040664
0.118044
0.004423
-0.030595
0.000000
0.000000
0.071822
-0.171801
-0.075763
0.031427
-0.045893
0.039318
0.212295
0.189400
0.361135
0.331275
0.322276
0.376110
0.194605
0.162677
0.214690
0.404969
0.413922
0.460886
0.388949
0.330744
0.317583
0.420196
0.271185
0.565223
0.512876
0.436839
0.584140
0.618980
0.562432
0.298246
0.536805
0.670382
0.412920
0.578657
0.459447
0.466046
0.605492
0.670775
0.598997
0.530071
0.456170
0.501249
0.831052
0.672330
0.590101
0.707449
0.668267
0.825056
0.709764
0.709693
0.623374
0.560964
0.616183
0.597649
0.576667
0.558006
0.477462
0.602154
0.649927
0.816001
0.446172
0.666425
0.484609
0.555399
0.498205
0.612898
0.553225
0.547115
0.462745
0.397106
0.313307
0.564933
0.394444
0.513605
0.457127
0.528166
0.478744
0.289356
0.405183
0.592992
0.314921
0.193867
0.368311
0.278599
0.394312
0.255670
0.068799
0.359669
0.332441
0.273281
0.152954
0.271990
-0.045579
0.077009
-0.105363
0.033286
0.063912
-0.032422
0.118517
0.000000
0.000000
0.038222
-0.050681
-0.234944
0.152392
0.132892
-0.077729
0.029067
0.306005
0.062579
0.077021
0.262662
0.169052
0.152697
0.253009
0.194692
0.275839
0.495358
0.248962
0.312192
0.434536
0.293484
0.371275
0.413659
0.494713
0.635041
0.447115
0.455241
0.610626
0.488803
0.464336
0.413904
0.423344
0.717579
0.516030
0.435841
0.567069
0.581234
0.713543
0.725865
0.683620
0.463189
0.578224
0.666709
0.620878
0.619498
0.656548
0.528606
0.670264
0.747729
0.534721
0.624361
0.569861
0.603051
0.814552
0.522442
0.483753
0.568087
0.700200
0.654335
0.549308
0.563774
0.529304
0.701445
0.471043
0.644568
0.622106
0.515236
0.434053
0.471708
0.453060
0.547913
0.406968
0.416728
0.493900
0.542464
0.421603
0.480415
0.283859
0.443772
0.399774
0.352011
0.368010
0.204795
0.348104
0.289275
0.418033
0.110405
0.205446
0.043580
0.217251
0.196890
0.104348
0.052308
0.106729
-0.032641
0.253825
0.070550
0.071481
-0.043913
0.000000
0.000000
0.042264
-0.154782
0.126715
0.043682
0.043808
0.220770
0.108564
0.135779
0.172409
0.226861
0.230479
0.093857
0.376401
0.383707
0.304225
0.252084
0.329336
0.264263
0.229642
0.221015
0.351426
0.344457
0.295072
0.481503
0.511777
0.467998
0.394543
0.600756
0.343313
0.423599
0.634410
0.420257
0.485516
0.504586
0.379319
0.438130
0.586253
0.443036
0.565358
0.599984
0.640852
0.776618
0.646636
0.640215
0.567527
0.640383
0.613069
0.757429
0.657319
0.551347
0.676557
0.456407
0.706788
0.793946
0.465986
0.613484
0.635264
0.598134
0.590174
0.579943
0.536743
0.619955
0.772024
0.515354
0.554709
0.364952
0.486689
0.533170
0.528513
0.427076
0.424494
0.657472
0.479097
0.344836
0.288804
0.493745
0.317581
0.413409
0.232506
0.348300
0.522559
0.196711
0.178087
0.238922
0.363961
0.278256
0.303926
0.152913
0.376169
0.137424
0.114726
0.121318
0.074132
0.125906
0.048367
0.123741
0.032370
0.160624
-0.022982
0.000000
0.000000
0.121296
0.198525
0.002053
-0.042335
-0.010582
0.202022
0.197451
0.310745
0.177367
0.155933
0.329974
0.220581
-0.001839
0.283675
0.283361
0.346648
0.365796
0.353724
0.319398
0.363462
0.379295
0.467196
0.338806
0.213623
0.513390
0.528682
0.486958
0.446995
0.540368
0.296049
0.585779
0.442767
0.485862
0.539124
0.488748
0.648898
0.320877
0.330335
0.458945
0.519393
0.453834
0.586899
0.685806
0.762059
0.573876
0.620395
0.420445
0.710000
0.543260
0.500714
0.450239
0.693764
0.490629
0.556174
0.504084
0.437937
0.425044
0.498310
0.389580
0.521257
0.570625
0.457858
0.290925
0.311650
0.470696
0.397511
0.418908
0.589616
0.416130
0.480638
0.489288
0.304719
0.145686
0.223558
0.407432
0.422380
0.214696
0.348795
0.286061
0.336885
0.225729
0.317671
0.484525
0.239745
0.277128
0.013610
0.087185
0.021420
0.125737
0.205180
0.064974
0.253475
0.045237
0.137553
0.135496
0.181739
-0.001011
0.169195
0.052378
0.000000
0.000000
0.280697
-0.017805
0.053237
0.005661
0.096690
0.193432
0.238655
0.233578
0.252155
0.031605
0.149546
0.291180
0.347638
0.098281
0.340662
0.282114
0.161545
0.360339
0.190363
0.326803
0.167369
0.181261
0.553727
0.258939
0.444623
0.367376
0.461499
0.389498
0.418106
0.466148
0.517870
0.251671
0.409710
0.366014
0.507844
0.338188
0.429204
0.462963
0.535269
0.555242
0.568241
0.514611
0.584975
0.529268
0.307723
0.560921
0.516885
0.644720
0.639444
0.482993
0.409314
0.491341
0.628097
0.603087
0.461889
0.528068
0.465234
0.557797
0.540477
0.493216
0.394579
0.589277
0.566916
0.548159
0.577523
0.487833
0.333896
0.652321
0.284468
0.477103
0.417621
0.360849
0.380461
0.338372
0.422903
0.549432
0.231844
0.364814
0.288608
0.220294
0.260236
0.240462
0.379930
0.357575
0.389099
0.287271
0.299494
0.094255
0.177244
0.072724
0.241144
0.105884
0.068291
0.128598
0.086472
0.202722
0.106870
-0.078555
-0.022279
0.000000
0.000000
-0.018433
0.081290
0.347496
0.221300
0.112002
-0.073596
0.091535
0.085028
-0.037235
0.181703
0.086092
0.203941
0.175895
0.243899
0.177308
0.157299
0.401461
0.285682
0.492025
0.365671
0.194287
0.420877
0.228595
0.299532
0.425178
0.215476
0.201809
0.339931
0.475137
0.693083
0.369321
0.374869
0.654720
0.509590
0.596305
0.419727
0.573349
0.571638
0.359359
0.536213
0.429354
0.296812
0.539596
0.752748
0.388875
0.648920
0.621650
0.371836
0.412185
0.588848
0.348623
0.632893
0.492750
0.472031
0.465029
0.431296
0.621128
0.531728
0.366188
0.634826
0.423844
0.614372
0.656504
0.544126
0.348258
0.486758
0.444399
0.344564
0.323241
0.429122
0.484475
0.406110
0.273070
0.383017
0.319395
0.155599
0.315148
0.394492
0.190049
0.317921
0.279800
0.186571
0.277711
0.221613
0.249070
0.111772
0.209786
0.250967
0.231167
0.215330
0.001943
0.115900
-0.007400
0.014039
0.015159
-0.052705
0.234263
-0.027848
0.083720
0.000000
0.000000
0.069265
-0.006894
0.069503
0.071103
-0.008852
0.009321
0.162540
0.076300
0.155891
0.009742
0.075665
0.071840
0.305251
0.183269
0.250224
0.346990
0.236542
0.241708
0.037529
0.331459
0.318456
0.260432
0.207538
0.200717
0.485757
0.276106
0.425541
0.406326
0.475745
0.474349
0.586374
0.512353
0.261195
0.458990
0.464199
0.254320
0.489792
0.437532
0.410287
0.539243
0.430166
0.537385
0.377976
0.460540
0.398947
0.409293
0.395450
0.616732
0.444304
0.473830
0.536998
0.558217
0.437156
0.530861
0.619290
0.458702
0.408223
0.579169
0.484361
0.286155
0.514834
0.421550
0.256505
0.426262
0.620252
0.253135
0.494799
0.368881
0.474530
0.467214
0.382632
0.419391
0.403931
0.444266
0.233954
0.394184
0.358046
0.296571
0.206322
0.318128
0.221610
0.350867
0.258395
0.121363
0.238082
0.149720
0.074804
0.120041
0.380912
0.083014
0.147798
0.095520
0.134106
0.272617
0.048641
0.164498
0.144173
-0.107828
0.002274
0.000000
0.000000
0.028346
0.169896
-0.069073
0.132679
0.198682
0.049264
0.040711
0.012549
0.040696
0.132213
0.303746
0.102445
0.240510
0.012545
-0.001766
0.269264
0.321442
0.344447
0.187018
0.157601
0.207371
0.438887
0.460501
0.526029
0.048267
0.401757
0.407888
0.434096
0.190876
0.273085
0.189603
0.488010
0.423090
0.539688
0.460868
0.382129
0.356427
0.482053
0.606620
0.577599
0.492292
0.335262
0.377160
0.406921
0.365026
0.569673
0.627009
0.475063
0.552821
0.606186
0.641893
0.561681
0.510132
0.401967
0.240847
0.316137
0.371958
0.554711
0.361055
0.545746
0.331992
0.498116
0.465407
0.507275
0.319203
0.383279
0.535615
0.444376
0.476509
0.412592
0.478313
0.326255
0.320426
0.442596
0.360514
0.322595
0.143162
0.325137
0.183371
0.497243
0.250393
0.398289
0.142249
0.422090
0.282036
0.137522
0.143198
0.095120
0.217339
0.317584
0.309031
0.049458
0.081085
0.038316
0.068271
0.067616
0.162082
-0.108938
-0.153111
0.000000
0.000000
0.056915
-0.093986
-0.050276
0.101965
-0.065523
0.129273
0.150520
-0.043032
0.239477
0.010296
0.107531
0.166063
0.294374
0.278953
0.167350
0.268314
0.241525
0.115808
0.359829
0.271682
0.157638
0.259626
0.399359
0.298317
0.291259
0.197779
0.383903
0.382665
0.437302
0.356378
0.333881
0.362836
0.383108
0.424302
0.631845
0.519844
0.485225
0.274213
0.573635
0.513905
0.416427
0.562421
0.443782
0.327126
0.446038
0.626665
0.217623
0.252221
0.439541
0.238182
0.362081
0.482165
0.389716
0.469963
0.334253
0.454756
0.487459
0.453612
0.256715
0.533486
0.352600
0.467660
0.366869
0.349072
0.307880
0.511093
0.328238
0.434155
0.276135
0.222939
0.336180
0.307663
0.362370
0.219641
0.370209
0.255249
0.287559
0.237141
0.213659
0.320814
0.324482
0.134537
0.145705
0.223963
0.228838
0.197880
0.207526
0.263113
0.267605
0.240014
0.038658
0.177199
0.156875
0.078882
0.201008
-0.051068
-0.033033
-0.058974
0.096051
0.000000
0.000000
0.026269
0.033232
0.125935
0.198217
-0.020259
0.020096
0.121047
0.190466
0.059768
-0.068921
0.116940
0.145476
0.289168
-0.020869
0.239857
0.192537
0.104661
0.174961
0.309056
0.182079
0.316056
0.166586
0.333239
0.300738
0.422187
0.336106
0.239171
0.211178
0.323936
0.494598
0.449640
0.296149
0.372056
0.297185
0.445228
0.428931
0.507025
0.373415
0.527180
0.415075
0.521740
0.316125
0.334051
0.198297
0.559306
0.176336
0.483759
0.285806
0.605968
0.202419
0.261303
0.484802
0.453306
0.468548
0.295793
0.312600
0.447618
0.533879
0.582245
0.282556
0.433883
0.299808
0.225070
0.449163
0.406340
0.257821
0.505709
0.348060
0.442164
0.569182
0.253892
0.271341
0.211418
0.181004
0.273726
0.328806
0.262705
0.212053
0.311977
0.295383
0.174708
-0.018901
0.263751
0.196757
0.139012
0.117452
0.097232
0.255316
0.303245
0.202468
0.146656
-0.047427
0.065507
0.172916
0.033919
0.073801
0.160403
0.059274
0.045062
0.000000
0.000000
0.023635
0.078689
0.079611
0.018393
0.128025
0.007452
-0.028642
0.096248
0.017237
0.107543
0.129404
0.136146
0.087015
0.081439
0.174241
0.339175
0.016072
0.051228
0.106359
0.188644
0.318894
0.284992
0.175990
0.211773
0.342992
0.175284
0.097418
0.452688
0.151104
0.374659
0.196510
0.159805
0.266814
0.273181
0.320861
0.255812
0.321587
0.287178
0.405542
0.393361
0.393443
0.256917
0.333291
0.512571
0.606944
0.119466
0.412300
0.397215
0.373076
0.551861
0.612685
0.405743
0.471376
0.434428
0.525311
0.400163
0.306417
0.466476
0.458010
0.226490
0.439451
0.332982
0.483425
0.226133
0.383198
0.383710
0.372876
0.454630
0.341889
0.261623
0.308198
0.236225
0.421433
0.031166
0.352190
0.292656
0.156391
0.362554
0.127974
0.305443
-0.040068
0.176601
0.169605
-0.028906
0.147747
0.105957
0.089172
0.144198
0.147934
0.197928
0.203258
0.103539
-0.093445
0.029364
0.027644
0.044197
0.049675
-0.138373
0.002455
0.000000
0.000000
-0.037757
0.076982
-0.092558
0.076443
0.044319
0.061902
-0.011860
-0.054071
-0.165135
0.250953
0.005984
-0.014334
0.263284
0.240226
0.175476
0.223958
0.294590
0.308483
0.162196
0.223708
0.178106
0.031676
0.254288
0.076672
0.192297
0.352587
0.281417
0.254538
0.324493
0.222883
0.269569
0.237504
0.253148
0.497532
0.201500
0.194842
0.343405
0.382571
0.429839
0.380068
0.417516
0.204658
0.426498
0.193630
0.136033
0.254297
0.343694
0.344546
0.347909
0.303401
0.346282
0.378421
0.300150
0.352172
0.225057
0.285457
0.366388
0.344100
0.174099
0.471538
0.174916
0.324034
0.173572
0.135019
0.304056
0.171203
0.226486
0.249177
0.222144
0.332133
0.208429
0.256978
0.320344
0.151860
0.122905
0.201607
0.317415
0.316216
0.153614
0.089791
0.274962
0.195185
0.225082
0.226643
0.132824
0.086007
0.119326
-0.049814
0.111311
0.176377
0.049833
0.151750
0.096535
0.122189
-0.031776
0.132557
0.072281
0.140548
0.153927
0.000000
0.000000
-0.143378
-0.077211
-0.050054
-0.013536
0.134582
0.200848
0.055154
0.151067
0.176000
0.061849
0.122709
0.090773
-0.028345
0.118941
0.021475
0.085177
0.265527
0.172799
0.094318
0.270378
0.325009
0.022651
0.216107
0.168900
0.212776
0.272784
0.072946
0.292790
0.376458
0.303834
0.201703
0.366232
0.401106
0.258489
0.271985
0.113591
0.197124
0.112765
0.329571
0.326616
0.457178
0.252189
0.197332
0.304788
0.264086
0.212554
0.373229
0.310492
0.395550
0.188140
0.277095
0.317681
0.179991
0.166262
0.166638
0.256641
0.502138
0.333408
0.391420
0.313053
0.137122
0.308219
0.389747
0.080108
0.359519
0.201357
0.205054
0.171124
0.476317
0.360315
0.102707
0.333733
0.189305
0.243002
0.206183
0.205765
0.152043
0.205965
0.246532
0.184972
0.294647
0.059520
0.109766
0.181355
0.194964
0.196084
0.038548
-0.008018
0.248093
0.389827
0.074468
0.075995
-0.062266
-0.059650
-0.089122
-0.014211
-0.101542
-0.103913
-0.001623
0.000000
0.000000
-0.089147
-0.077199
-0.081005
0.103327
0.088377
0.000535
0.119303
0.064497
0.113231
0.042024
0.212838
0.197226
0.309337
0.150583
0.164530
-0.014190
0.313267
0.330717
0.346237
0.361413
0.378664
0.171924
0.090688
0.207059
0.112088
0.295626
0.061413
0.265650
0.077459
0.273494
0.238106
0.118988
0.289016
0.173259
0.286153
0.292327
0.353149
0.095624
0.140009
0.224219
0.428462
0.254697
0.331170
0.381694
0.291176
0.297198
0.157793
0.312815
0.476431
0.307493
0.247233
0.136267
0.339333
0.295148
0.411760
0.378784
0.331749
0.352274
0.232515
0.189772
0.184423
0.252504
0.357914
0.095693
0.400784
0.214877
0.257785
0.336592
0.112721
0.332783
0.128364
0.048184
0.161642
0.186143
0.209143
0.150693
0.115509
0.171801
0.283207
0.150972
0.120002
0.089770
0.162269
-0.004359
0.091448
0.101413
0.148308
0.121400
0.189189
0.036015
0.050712
0.250925
-0.004066
-0.068368
-0.060357
-0.105164
0.052194
-0.101622
-0.166816
0.000000
0.000000
0.001800
-0.046655
0.015070
0.181861
-0.048748
0.004057
-0.001973
-0.006542
0.206076
0.138120
0.038605
-0.120650
0.170969
0.177821
0.287558
0.202675
0.239954
0.233196
0.132589
0.014491
0.180421
0.084858
0.150862
0.087936
0.179408
0.175745
0.496015
0.093251
0.164915
0.108477
0.081674
0.340993
0.208447
0.126048
0.215947
0.265767
0.442934
0.467335
0.016705
0.226155
0.193896
0.131371
0.325095
0.309916
0.273137
0.227439
0.406475
0.348949
0.405893
0.249760
0.178401
0.196380
0.124459
0.304887
0.277431
0.243386
0.189157
0.275446
0.065263
0.333547
0.076813
0.178690
0.205466
0.261121
0.456729
0.418601
0.165496
0.267508
0.042080
0.305983
0.221198
0.174835
0.180031
0.244839
0.113837
0.186153
0.155289
0.215926
0.166415
0.159012
0.063991
0.195136
0.267897
0.074469
0.338750
0.095592
0.097952
-0.022749
0.130695
0.217962
0.119566
0.146329
-0.005738
-0.053895
-0.032814
0.011435
-0.098344
0.081041
0.073250
0.000000
0.000000
-0.041821
-0.011847
-0.151926
-0.047942
0.063796
-0.030531
0.036592
0.138126
-0.083659
0.171105
0.192383
0.074134
0.157391
-0.031720
-0.039396
0.033959
0.198970
-0.013497
0.129434
0.046527
0.085574
0.170742
0.233450
0.163867
0.231365
0.328382
0.272184
0.089690
0.349052
0.308017
0.213172
0.140613
0.255405
0.133681
0.051317
0.339307
0.173123
0.226862
0.294871
0.288703
0.129770
0.152221
0.087793
0.295869
0.140879
0.279170
0.173338
0.249046
0.284805
0.334578
0.204430
0.397019
0.106099
0.227486
0.272967
0.162321
0.305754
0.367523
0.230022
0.054599
0.226319
0.276711
0.292247
0.169970
0.258824
0.321061
0.255651
0.157369
0.129232
0.120361
0.171480
0.232071
0.310006
-0.011454
0.097134
0.188020
0.261593
0.095005
0.195494
0.172313
0.168990
0.181369
0.119895
0.023467
0.045522
0.011709
0.238679
0.134747
0.002371
0.048153
0.084118
0.109009
0.000178
-0.101901
0.123638
0.046775
-0.032313
-0.004395
-0.140833
0.000000
0.000000
0.133593
-0.068672
-0.063088
0.133905
0.064087
0.095525
0.078560
-0.021268
0.046304
-0.008310
-0.120583
0.177571
0.072288
-0.112914
0.214207
0.145707
0.142016
0.068939
0.097550
0.282086
0.175066
0.207717
0.129588
0.177655
0.077177
0.328396
0.048138
0.091184
0.139693
-0.007580
0.074792
0.067781
0.223821
0.169755
0.238742
0.118718
0.147041
0.079884
0.111342
0.084496
-0.022970
0.182689
0.252289
0.165289
0.054703
0.355273
0.110350
0.062247
0.178188
0.103339
0.153002
0.166639
0.183896
0.138879
0.454963
0.193720
0.092222
-0.031642
0.156947
0.193784
0.271506
-0.102677
0.160345
-0.013757
0.113718
0.125887
0.024688
0.141111
0.260053
0.060491
0.221414
0.134158
0.047973
0.102591
0.001832
0.262117
0.036034
0.122008
0.184222
0.094901
0.122014
0.100858
0.067196
-0.012302
0.068759
0.066859
0.033283
0.091828
0.140459
0.159387
-0.066779
0.014999
-0.088158
0.075574
-0.053637
-0.142520
-0.116973
-0.013917
-0.080166
0.000000
0.000000
0.005753
0.147863
0.170412
0.173619
-0.156547
0.102203
-0.060354
-0.036444
0.070907
-0.184084
-0.041410
0.065061
0.049283
0.139249
0.101431
-0.095533
-0.027569
0.232472
0.218700
0.114577
0.267185
0.010622
0.252775
0.264501
0.109472
0.123646
0.095121
0.158122
0.289334
0.209947
0.143165
-0.021087
-0.015259
0.230818
-0.073047
0.147281
0.184346
0.019429
0.150164
0.333973
0.187149
0.347492
0.148598
0.078798
0.164175
-0.018998
0.169167
0.292255
0.178166
0.165084
0.318545
0.134166
0.140025
0.074373
0.105079
0.074969
0.116507
0.220348
0.126707
0.113703
0.185413
0.068257
0.252878
0.146448
0.134148
0.084982
0.181984
0.068532
0.060802
0.170830
0.206187
0.284802
0.250248
-0.012818
-0.017629
0.144164
0.281058
0.055025
0.301863
0.204940
0.047457
-0.017013
0.231473
0.307510
0.156999
-0.261934
0.168805
-0.030060
0.109958
0.041109
0.064493
0.191471
0.023343
0.151279
0.052624
-0.075352
0.034012
0.078368
0.110521
0.000000
0.000000
-0.026399
0.162288
0.079966
0.049080
0.120231
-0.041979
-0.011974
0.065937
0.153783
0.021561
0.108444
0.082233
-0.105661
0.024771
0.000452
0.082613
-0.052923
0.119900
-0.126051
0.085729
0.052713
0.078088
-0.059356
0.184636
0.038673
-0.091370
-0.085696
0.126681
0.243917
-0.022825
0.077266
0.059606
-0.073200
0.005485
0.161672
0.242860
0.034342
0.205736
0.097974
0.155152
0.038056
0.015845
0.115750
0.201816
-0.016128
0.055917
0.133276
0.026626
0.038957
0.176051
0.129621
0.227733
0.010447
0.218785
0.072479
0.338428
0.086237
0.048766
0.059564
-0.065754
-0.062855
0.220550
0.008024
0.159645
0.160806
0.055442
0.042959
0.077249
0.099170
0.291660
0.189471
0.347142
0.111629
-0.017439
0.012229
-0.053039
-0.026388
0.255115
0.029341
0.047307
0.143321
0.114489
0.157689
0.078965
-0.085880
0.280229
0.030887
0.032189
0.049535
-0.192039
0.014387
-0.026990
0.101584
0.066462
-0.001549
-0.067935
0.101031
-0.072967
-0.007301
0.000000
0.000000
-0.105864
0.035051
-0.012699
-0.024345
-0.290595
-0.014720
-0.065684
-0.036605
0.018158
-0.123181
0.044313
-0.151691
0.025546
0.028994
0.110938
0.142088
0.013092
0.160340
0.129197
0.052837
0.133289
0.061664
-0.061412
0.118815
0.000035
0.011273
0.045596
-0.074214
0.094605
0.018195
0.231448
0.165874
0.138399
0.165799
0.322106
0.033134
0.040985
0.004631
0.060291
0.021233
0.253141
0.295689
0.021489
0.113548
0.152199
0.273809
-0.136026
0.167356
0.241174
0.060021
0.029156
-0.005775
0.050158
0.269769
0.139910
0.080984
0.105874
0.150873
0.138886
0.062874
0.097506
0.072954
0.133559
0.107360
0.089089
0.184866
0.103674
0.131709
0.169403
0.122824
0.037393
0.230812
0.151149
-0.009552
0.147440
0.085752
-0.060352
-0.037928
-0.059798
-0.020938
-0.017536
-0.065736
0.189786
0.173870
-0.075278
0.167746
0.146850
0.005652
0.073706
0.151233
-0.059295
0.106398
0.036654
0.167494
0.097091
0.000748
0.084561
-0.043658
-0.030386
0.000000
0.000000
0.015541
-0.115056
-0.096215
0.105425
-0.031295
-0.021022
-0.043563
0.085555
0.127940
-0.099248
0.128390
-0.069322
0.021524
-0.046603
-0.063579
0.015755
0.093742
-0.022248
0.007142
-0.194058
0.120939
-0.130975
0.093091
-0.005919
0.015469
0.087766
0.181667
-0.090318
0.228736
0.077762
0.069246
-0.034633
0.003621
0.060506
0.117992
0.085794
0.111018
0.272134
0.191666
0.066316
-0.015080
0.083412
0.221431
0.208963
-0.054249
0.024700
0.118235
0.065852
-0.006924
-0.053798
0.202739
0.077978
0.086111
0.116587
0.047005
0.003579
-0.044866
0.115016
-0.058197
0.024475
-0.080577
0.052511
0.086897
0.063158
0.033356
0.128940
-0.033199
-0.032734
0.118039
0.047743
-0.184576
0.080841
-0.001483
0.155221
0.114142
0.095557
0.140718
0.043441
0.100763
0.021883
0.325462
0.084283
0.055100
-0.110962
-0.089357
0.087332
0.102965
-0.022433
0.063470
-0.068125
-0.126201
-0.024487
-0.061103
-0.051355
-0.017761
-0.060284
-0.070324
0.156424
-0.086413
0.000000
0.000000
-0.134808
0.089822
0.064738
-0.033257
-0.131241
0.067359
0.112572
0.035919
0.101764
-0.031467
-0.128577
0.201076
0.048620
-0.021677
-0.021019
0.076470
-0.085462
0.002375
-0.212375
0.162740
-0.009889
0.016023
0.074727
-0.184654
-0.050054
0.005361
-0.003991
0.086984
0.058065
0.296237
-0.045681
0.170760
0.070553
0.033705
-0.021964
0.174558
0.001162
0.038749
0.160307
0.147035
0.068207
0.073877
0.087511
0.085891
0.131446
0.108945
-0.009074
-0.022963
0.139432
0.181955
-0.152548
0.113165
0.046295
0.103659
0.148068
0.104496
0.078600
0.097153
-0.102201
0.203917
0.138119
0.018896
-0.055443
0.046443
-0.038311
-0.104613
0.046753
-0.122320
0.067936
0.131268
0.043846
0.072021
-0.107750
0.111154
-0.064619
-0.059503
-0.089045
0.045611
0.106432
0.081030
0.028683
-0.090752
0.054541
-0.226241
0.111270
0.025230
-0.018906
0.070396
0.002889
0.016172
-0.036800
0.061159
-0.033061
0.070330
0.062759
-0.253249
-0.181127
0.226616
0.111669
0.000000
0.000000
0.000000
0.000000
0.000000
0.000000
0.000000
0.000000
0.000000
0.000000
0.000000
0.000000
0.000000
0.000000
0.000000
0.000000
0.000000
0.000000
0.000000
0.000000
0.000000
0.000000
0.000000
0.000000
0.000000
0.000000
0.000000
0.000000
0.000000
0.000000
0.000000
0.000000
0.000000
0.000000
0.000000
0.000000
0.000000
0.000000
0.000000
0.000000
0.000000
0.000000
0.000000
0.000000
0.000000
0.000000
0.000000
0.000000
0.000000
0.000000
0.000000
0.000000
0.000000
0.000000
0.000000
0.000000
0.000000
0.000000
0.000000
0.000000
0.000000
0.000000
0.000000
0.000000
0.000000
0.000000
0.000000
0.000000
0.000000
0.000000
0.000000
0.000000
0.000000
0.000000
0.000000
0.000000
0.000000
0.000000
0.000000
0.000000
0.000000
0.000000
0.000000
0.000000
0.000000
0.000000
0.000000
0.000000
0.000000
0.000000
0.000000
0.000000
0.000000
0.000000
0.000000
0.000000
0.000000
0.000000
0.000000
0.000000
0.000000
0.000000