0.045747
0.035126
0.073341
0.138288
-0.054634
-0.104097
-0.086582
-0.030425
0.156997
0.120644
0.004293
-0.094916
-0.059335
0.071673
0.063519
-0.075396
0.062357
0.074522
-0.169681
-0.024321
0.044062
-0.056963
0.242885
-0.124878
0.072760
-0.027127
-0.268189
-0.120928
-0.065181
-0.020628
-0.025587
-0.069660
0.179750
0.073958
0.032947
-0.050332
-0.038033
0.074050
0.098662
0.037433
-0.101829
-0.031764
0.126110
0.112597
-0.049680
-0.097890
0.183890
-0.000722
-0.035352
0.109466
0.001018
-0.066892
0.053254
-0.130110
-0.080242
-0.106196
0.037794
-0.082569
-0.157207
-0.012467
0.007056
-0.010197
0.072992
-0.052477
-0.100725
0.026989
0.019247
-0.061305
0.017624
-0.044121
0.075208
-0.081167
0.047632
0.055575
-0.124523
-0.118200
-0.200506
0.193746
0.082960
-0.133864
0.193321
0.150076
0.055572
0.140056
0.087766
-0.030112
-0.151860
0.105787
-0.131209
0.039456
0.026904
-0.042946
0.001198
-0.002357
0.108934
-0.166189
-0.049507
0.159465
0.284458
-0.177512
0.022879
0.154108
-0.045159
-0.007813
-0.046281
-0.132655
0.007613
-0.019674
-0.131198
-0.039115
0.136289
0.098832
0.082285
0.105576
0.084973
-0.090880
0.076216
0.001415
-0.027808
0.109594
0.086409
-0.136110
0.079588
0.176221
0.060868
-0.101888
0.136624
-0.120255
0.036475
-0.076742
0.068877
-0.053105
0.032634
0.155621
0.079114
-0.109263
-0.039848
-0.118494
0.008930
0.031723
0.126803
-0.050951
-0.018588
0.004423
-0.016436
0.022749
-0.090579
0.088354
-0.011603
0.168644
-0.106148
-0.029956
-0.120895
0.069874
-0.087651
0.001422
0.057365
-0.167218
0.135401
-0.015978
0.033184
0.001042
-0.012435
0.036314
0.032077
-0.015278
0.022204
-0.098446
0.169435
0.158793
-0.006662
-0.076625
0.006248
-0.045901
0.115131
0.091759
0.069449
-0.061985
-0.024132
0.023533
-0.055324
0.059515
-0.132670
0.106382
0.053951
0.105195
0.044330
0.000328
0.113662
-0.141724
-0.034397
-0.032273
0.162977
0.019314
0.112056
-0.107283
-0.118613
0.075644
0.159871
0.101224
-0.028758
-0.026198
0.091068
-0.165463
-0.016158
-0.117356
0.017362
0.064518
0.065417
-0.087908
-0.081246
-0.086618
-0.071233
0.159662
0.112037
0.061840
-0.168884
-0.061825
0.051873
-0.160362
0.212854
-0.093503
-0.143579
0.052086
-0.000006
-0.019205
0.065133
0.288174
-0.107685
0.023881
-0.028035
0.065822
0.183307
0.013799
-0.082544
0.162825
0.101618
0.045022
-0.029681
-0.076782
0.163922
0.271803
-0.098526
0.029518
0.050200
0.094508
-0.033693
0.029012
0.106825
0.022066
0.076365
0.030656
0.050706
-0.060272
-0.056470
0.170370
-0.057422
-0.005283
0.053404
0.037808
-0.139175
-0.084016
0.061277
0.012898
0.075713
-0.009011
0.131318
-0.105791
-0.182739
-0.020186
0.050138
0.030558
0.092873
0.062476
-0.073535
0.009944
-0.087530
-0.014939
0.036901
0.063955
0.159940
0.118599
0.144752
0.023385
0.036292
0.102332
0.084507
-0.113046
-0.028735
0.080588
-0.040784
-0.053252
-0.098154
-0.172496
0.110205
-0.112361
-0.006204
0.074737
0.007599
-0.156642
0.075862
0.027911
0.015690
0.217742
-0.006594
0.024431
0.038196
0.134090
0.025156
-0.106254
0.003058
0.048771
0.009212
0.006912
0.134118
0.055940
0.183522
0.139881
-0.036533
0.079894
0.173210
-0.029152
0.032601
-0.091569
-0.034804
-0.152864
0.079532
-0.008479
0.025078
0.078732
0.039403
0.127502
-0.133668
0.145766
0.134962
0.118843
-0.019017
0.027731
-0.022720
-0.025849
0.033102
-0.020324
-0.226143
0.013143
0.119088
-0.072485
0.119696
0.053878
0.116535
-0.218745
0.010102
0.156134
-0.225658
0.025010
-0.039519
0.061961
-0.018157
-0.073853
-0.021922
-0.030366
0.055126
0.085364
0.063709
0.052308
0.014079
0.117485
0.032106
-0.018742
0.028514
0.091604
0.217366
-0.027282
0.123882
0.200307
0.089869
0.174417
0.113806
0.038769
-0.065485
-0.098733
0.080796
0.173562
0.320685
0.031147
0.057587
0.157568
-0.005455
0.228825
-0.036623
-0.004626
0.196984
-0.008953
-0.010081
0.084235
0.093445
0.061783
0.004868
0.057958
0.039095
0.106826
0.027412
-0.063343
0.111937
-0.148321
0.075160
0.145513
-0.129771
-0.067521
0.172360
0.086045
0.084977
0.091014
-0.098296
0.117108
-0.008941
0.072877
0.164940
-0.047964
-0.028054
0.040893
-0.122176
0.212168
-0.054911
-0.038865
0.106330
0.049290
0.000434
-0.163530
0.145440
0.282899
0.095738
0.074191
-0.085428
0.109985
-0.092754
0.033620
0.163633
-0.005386
0.076360
0.300820
-0.080197
0.026273
0.051216
0.029268
-0.065160
0.065159
-0.056313
0.068764
-0.087689
0.179036
0.136279
-0.022313
-0.019241
0.011769
0.137685
0.091591
-0.072234
0.118384
-0.004383
0.127538
-0.043263
-0.089446
0.068828
0.089754
0.013441
0.064551
0.103198
-0.057536
-0.067850
-0.021522
0.087236
0.153525
0.178768
-0.006654
0.104081
-0.084457
0.230070
0.120492
0.214052
0.039757
0.057862
0.135085
-0.035950
0.077141
0.096029
0.106498
-0.052120
0.128076
0.065262
0.047531
0.097641
0.156274
0.104037
-0.134712
-0.022778
-0.066237
0.078823
-0.060834
0.208535
0.084491
0.093212
0.458688
0.106649
0.043945
0.115631
0.088096
0.113979
0.037600
0.034587
0.000649
0.098700
0.112991
0.262343
0.015639
0.241416
-0.029658
0.108259
0.068898
0.135931
0.165804
0.013321
0.014631
0.108051
0.051452
0.092460
0.004685
0.117876
0.087980
0.018986
0.230474
-0.061116
0.349617
0.096908
0.013443
0.073574
0.126577
-0.000034
0.038792
0.174457
0.126814
0.063553
-0.008837
0.016258
0.207484
0.078465
0.174563
0.059935
0.060060
-0.015075
-0.095109
0.211958
-0.036235
0.106954
0.113526
0.044164
0.012666
0.029703
-0.063195
-0.079781
-0.167469
0.064436
0.138130
0.138990
0.184112
-0.090250
0.156890
-0.041616
0.010949
-0.019569
0.094625
0.056010
-0.037105
0.086297
0.057839
0.248876
0.091828
0.156471
0.132260
0.208621
-0.000822
0.116594
-0.092147
-0.061721
-0.018398
0.178221
-0.064083
-0.097349
0.043045
0.068001
0.084044
-0.033117
-0.047755
0.323220
0.030544
0.076611
0.063556
-0.018238
0.199831
-0.124990
0.068253
-0.007865
-0.133345
0.049257
0.124833
0.030390
0.067871
0.009420
-0.071017
0.002845
0.244981
0.076382
0.278181
0.132609
0.038085
0.231339
-0.036015
0.061230
-0.102247
-0.045148
-0.030611
0.139188
0.090364
-0.012781
0.141962
0.027062
0.185770
0.046706
0.182943
0.122396
0.045739
0.153990
0.068293
0.138461
-0.115207
0.118329
0.026597
0.187779
0.054824
0.051681
-0.062997
-0.032327
0.078268
0.233577
-0.133872
-0.018189
-0.001167
0.049993
0.108574
-0.036651
-0.004712
0.226058
-0.047293
0.052484
-0.098208
0.240731
-0.113752
0.219636
0.064502
0.177344
0.241277
0.117421
0.008926
-0.166729
-0.089623
-0.004816
0.064492
0.010195
0.111868
0.039801
0.165323
-0.172219
0.061443
-0.019693
0.186676
0.214195
0.112793
0.041237
0.023637
0.046933
0.002530
0.093523
-0.075141
0.148354
-0.021759
0.164600
0.022198
0.068913
-0.046915
0.073597
0.148573
-0.092643
0.166922
-0.048945
0.087640
0.015071
0.053727
0.121458
0.042098
-0.068326
0.060218
0.183479
0.075000
0.048684
-0.004782
0.004621
-0.062060
0.106483
0.091420
0.119665
0.073147
0.195250
0.304562
-0.092461
-0.072515
0.116494
0.207050
0.080975
0.154472
-0.027408
0.034692
0.095820
0.088061
-0.076760
0.093599
0.185577
0.003739
0.150117
0.042593
0.079360
0.051685
-0.001330
0.064749
0.079312
-0.106352
0.129071
-0.087875
0.076448
-0.041091
0.080179
0.220908
0.196923
-0.038104
-0.064969
0.118379
0.153464
0.235440
0.266924
0.198492
0.116502
-0.012069
0.036467
-0.057827
0.073537
0.202101
0.089839
0.338171
0.106415
0.118399
-0.054312
0.097489
0.138003
0.155903
0.026925
0.165481
0.218631
0.182401
0.063042
0.144015
0.177297
0.147674
0.263905
0.046030
-0.142616
0.103967
0.015324
0.018435
-0.021544
0.020830
-0.077199
-0.051905
0.026611
0.109266
0.032690
0.000115
0.032913
0.398978
0.064530
0.167533
-0.015011
-0.090673
0.087796
0.055370
0.045244
0.049692
0.091750
-0.132113
0.128320
0.174285
0.208802
-0.071798
0.001872
-0.040531
0.018559
0.274748
0.115232
0.127706
0.051054
0.135992
0.302548
-0.014554
0.287957
-0.048813
-0.174947
0.080444
0.231689
-0.043778
0.014623
0.164088
0.074735
0.040907
0.113067
-0.008011
0.007280
-0.043377
0.009348
0.046384
0.190045
0.020348
0.079692
0.183539
0.104770
0.092638
0.079712
0.097278
0.297956
0.002217
0.082968
0.042501
-0.033085
0.044379
0.047551
0.075198
0.192663
-0.008644
0.076592
0.142119
-0.104127
0.172243
0.018516
-0.148681
0.146994
0.131616
0.165768
0.098691
0.348892
0.118971
0.004431
0.038976
-0.014012
0.010490
0.148415
0.011237
0.297609
0.054689
-0.040644
0.232895
0.171255
0.046650
-0.101723
-0.085161
0.022209
-0.020199
0.186426
0.022219
-0.036020
-0.028235
0.229545
0.021733
0.016096
0.081749
0.003940
-0.043232
0.105844
0.089501
0.090913
0.212596
-0.067588
0.044401
0.131264
0.087171
0.029980
-0.088185
0.230741
0.078175
-0.054754
0.118843
0.058138
0.324812
0.112787
0.251032
-0.006712
0.133255
0.314504
0.145676
0.123519
0.314181
0.278319
0.306786
-0.076152
0.126536
0.213065
0.103212
-0.101725
-0.050045
0.259911
0.236199
-0.015543
0.105497
0.015924
0.020119
0.150470
0.183223
0.224385
0.132154
0.026499
0.213517
0.111237
0.072930
0.072187
0.089599
0.136592
0.133464
0.273138
0.118465
-0.057562
0.102900
0.116011
-0.024746
0.138666
0.170987
0.025974
0.275350
-0.066828
0.046907
0.170666
0.043035
0.214961
-0.000313
0.118793
0.287776
0.148894
0.151438
-0.000168
0.013955
0.147946
0.134059
0.229661
0.065172
0.118352
0.233281
0.238969
0.030177
-0.125796
0.004849
-0.072812
0.067287
-0.119691
0.215774
0.063556
0.173922
0.144009
0.250294
0.086470
0.124105
0.177403
-0.218163
-0.013445
0.075486
0.058840
0.126569
0.299760
0.213338
0.005058
-0.015523
0.154872
0.121863
0.116011
0.250812
0.026948
0.157127
0.107850
0.227921
0.087213
-0.139858
0.236238
-0.033066
0.306244
0.126252
0.136729
0.185412
-0.017352
0.118692
0.127728
0.207725
0.092584
0.202857
0.084903
0.237885
0.157573
0.109877
-0.098858
0.043736
-0.069690
0.213507
0.098436
0.073493
0.147233
-0.048628
0.037195
-0.007806
0.210166
0.167313
0.281731
0.123992
0.146050
0.086694
0.186287
0.220701
0.206556
0.023319
0.067026
0.112955
0.018034
0.233786
0.178692
-0.058855
0.001854
0.031943
0.098279
0.064828
0.196993
0.314131
0.252347
0.217564
0.155852
-0.068742
0.204574
0.054407
0.252314
0.082369
0.101343
0.207877
0.040400
0.045108
-0.106121
0.148701
-0.034609
0.163979
0.024390
0.063770
0.070408
0.267445
0.014414
0.132660
0.105923
0.154226
0.087022
0.059590
0.100217
0.193888
0.273913
0.034382
0.153880
-0.047180
0.096586
0.094688
-0.003861
0.087671
0.031047
-0.014881
0.061602
-0.172877
0.098374
0.213541
-0.009899
0.147512
0.077208
-0.064249
-0.060501
0.054008
-0.033160
0.215077
0.148273
0.122065
0.268331
0.021701
0.299804
0.090775
0.004554
0.177244
0.000346
0.128383
-0.020483
-0.055912
0.044577
0.095745
0.072695
0.089594
0.050389
0.279326
0.077928
0.304635
0.050903
0.210213
0.059229
0.102044
0.072286
0.017264
0.074252
0.155832
0.048565
0.166916
0.190035
0.004812
0.064098
0.256118
0.054934
0.161629
0.112293
0.110632
-0.026769
0.109859
-0.128421
0.076458
-0.001913
0.226562
0.031840
0.178645
0.054205
0.086988
-0.020327
-0.088877
0.121870
0.426888
0.057551
0.195736
0.250691
0.085575
0.086360
0.159235
-0.087392
-0.048002
-0.120923
0.108953
0.075538
0.169637
0.177538
0.118387
-0.014654
-0.044723
0.213267
0.181759
0.345122
0.167266
0.089116
0.040562
0.158752
0.068149
0.096768
-0.080238
0.187691
0.225738
0.204507
0.138803
0.104501
0.247528
0.057099
0.179530
0.211815
0.014088
0.194830
0.146418
0.002208
-0.003837
0.238685
0.126293
0.109227
0.086538
0.059211
0.011326
0.042260
0.159018
0.182162
0.288761
0.105918
0.138592
0.309740
-0.042254
-0.038696
0.164776
0.262935
0.208639
0.070856
0.121793
0.269069
0.071003
0.189861
0.017138
0.063560
0.016406
0.088505
0.043175
0.177731
0.234206
0.101076
0.141706
0.185701
0.055271
-0.033049
-0.063696
0.132660
0.169607
0.286774
-0.084718
0.155189
0.131135
0.211157
0.073328
0.035848
0.030146
0.120856
0.114193
0.096145
0.064902
0.052430
0.233664
-0.041982
0.161467
0.236859
0.068481
0.164318
0.217630
0.090435
0.102373
0.183461
0.062565
0.189372
0.277034
0.166710
0.119822
0.194776
0.272479
0.281651
0.154890
0.220075
0.053139
0.058400
0.204116
0.005351
0.127375
0.227891
0.102984
0.078005
0.235790
0.077479
0.084384
0.119377
0.139366
0.123050
-0.065813
0.189346
0.180194
0.174943
0.239047
0.152213
0.184849
0.005013
0.047961
0.116934
0.155432
0.048954
0.112260
0.100651
0.029225
0.062713
0.187752
0.120136
0.086217
0.093030
0.147084
0.152824
0.224176
0.349782
-0.012172
0.085643
0.103597
0.023723
0.271162
0.126658
0.281110
0.080841
0.116531
0.240860
-0.005695
0.047730
0.124610
0.138536
0.041037
0.167270
0.077297
-0.082600
0.023013
-0.011627
0.259405
0.059110
0.189436
0.305473
0.140335
0.131950
0.196524
0.089175
0.297505
0.061576
0.241174
0.259994
0.008902
0.209041
0.257033
-0.005997
0.237341
0.124087
0.147437
0.239077
0.272874
-0.037828
0.093727
0.125220
0.121411
-0.004619
0.239391
0.029506
0.164603
0.109834
0.112534
0.120049
0.098576
0.155998
0.232745
0.069840
0.295069
0.144993
0.244939
0.105839
0.110005
-0.033968
0.046594
0.050302
0.166188
0.043352
0.212748
0.254352
0.238900
0.161629
0.228362
-0.031785
-0.008637
-0.039981
0.194508
0.057766
0.001755
-0.132323
0.021202
0.194238
0.238187
0.076038
0.133792
0.110262
0.209935
-0.001945
0.218766
0.059014
0.126175
0.003660
-0.118749
0.000126
0.095595
0.087965
0.196353
0.045093
0.247744
0.237369
0.299660
-0.004298
0.157973
0.146989
0.088643
-0.019041
0.087882
0.250634
0.186744
0.024237
0.123219
0.167672
0.243136
0.017873
0.222972
0.119906
0.258530
0.164015
0.248896
0.194538
0.068832
0.086012
0.248587
0.177580
-0.011126
0.101464
0.010709
0.091157
0.014474
0.159211
0.200750
0.015439
0.166700
0.241178
0.127187
0.166248
0.011036
-0.005004
-0.017224
-0.069794
0.076480
0.113056
0.074858
0.119795
0.233176
0.170193
0.278521
0.082347
0.137087
0.068953
0.039790
0.176158
0.153789
0.038863
0.120804
0.124599
0.235499
0.299934
0.139815
0.146755
0.027140
0.211203
0.218543
0.170627
0.103224
0.273011
-0.040213
0.170347
0.161471
0.051425
0.225588
0.081459
0.179152
0.259776
0.251276
0.220139
0.262321
0.196574
0.264671
0.068342
0.086384
0.140753
0.188997
0.161705
0.139212
0.114967
0.158040
0.131760
0.152276
0.139485
0.054112
0.105236
0.119332
0.204037
0.069485
0.017210
0.056716
0.085675
0.039977
0.180363
0.158909
-0.030478
0.178129
0.025907
0.143591
-0.038092
0.110992
0.223371
0.179124
0.112146
0.273678
0.327332
0.186002
0.229926
0.057513
-0.010505
-0.150636
0.125717
0.182088
0.143183
0.040642
0.225920
0.249824
0.099857
0.258622
0.061424
0.138391
0.120767
0.178871
0.108123
0.080806
0.252202
0.199677
0.366212
0.113818
0.182856
0.121693
0.041891
0.131343
-0.051790
0.246052
0.216609
-0.137138
0.206274
0.176304
0.289433
0.103609
0.178291
0.153182
0.224895
0.271225
0.366585
0.195367
0.229353
0.117115
0.113433
0.233747
0.014278
0.217693
0.178218
0.029899
-0.082635
0.135244
0.071201
0.036764
0.035552
0.245424
0.291070
0.264387
0.267702
0.163166
0.190756
-0.101756
0.017026
-0.004162
-0.006885
0.105403
0.323249
0.050861
0.101081
0.294197
0.083495
0.199041
0.185217
0.111824
0.060917
0.176907
0.346643
0.093505
0.231895
0.178454
0.183498
0.267347
0.108076
0.154019
0.018422
0.048161
0.063518
0.166819
0.198052
0.100362
0.189453
0.161283
0.134486
0.482820
0.163852
0.210966
0.358620
0.206027
0.153756
0.001277
0.220882
0.295210
0.037807
0.074666
0.057594
0.040422
0.013886
0.215657
-0.016110
0.143653
0.102966
-0.013989
0.209891
0.147260
0.227578
0.224996
0.031317
0.327962
0.167214
0.218604
0.355984
0.301259
0.262909
0.099941
-0.021349
0.208803
0.068058
0.167633
0.221548
0.176451
0.085674
0.130292
0.378826
0.291340
0.164517
0.142679
0.364571
0.199647
0.172609
0.095985
0.239612
0.172067
0.070198
-0.012037
0.151475
0.218432
0.126507
0.133376
0.270943
0.273439
0.137220
0.240666
0.266170
0.275075
0.269273
0.133253
0.064622
0.141400
-0.045098
0.188392
0.147321
0.385844
0.160055
0.187254
0.142793
0.207954
0.034961
0.115199
0.053511
0.128712
-0.006638
0.046391
0.249421
0.238911
0.003542
0.166946
0.174469
-0.074272
0.151709
0.148929
0.165951
0.117820
0.095071
0.174266
0.053415
0.175729
0.108760
0.134932
0.188526
0.186572
0.229017
0.142941
0.211907
0.062955
0.148589
0.228973
0.080592
0.232234
0.309763
0.130867
0.165011
0.314110
0.137380
0.158325
0.457927
0.263537
0.107210
0.210690
0.269822
0.255494
0.127634
0.119769
-0.008721
0.085952
0.123065
0.124557
0.155599
0.196835
0.234382
-0.096628
0.316405
0.071995
0.207574
0.177902
0.095849
0.136870
0.010497
0.077413
0.220137
0.293073
0.084318
0.157082
0.310895
0.184185
-0.193181
0.111494
0.201322
0.307352
0.236490
0.245905
0.291356
0.242488
0.051530
0.174073
0.195164
0.151398
0.199860
0.113995
0.251099
0.108758
0.113385
0.064779
0.160695
0.090686
0.182313
0.308682
0.442653
0.143124
-0.001685
0.098393
0.215392
0.208960
0.327660
0.278082
0.044953
0.072273
0.150097
0.040060
0.090726
0.266365
0.190703
0.245009
0.197712
0.283307
0.159834
0.064905
0.198404
0.172603
0.093067
0.018459
0.221096
0.157906
0.284471
0.128505
0.215770
0.068298
0.170863
0.012199
0.333668
0.225670
0.063601
0.023320
0.192633
0.285945
0.090067
0.138515
0.271110
0.151038
0.022999
0.122762
0.092515
0.121385
0.046719
0.309706
0.233653
0.146288
0.138500
0.186948
0.008375
0.185723
0.224814
0.235197
0.142474
0.165793
-0.017147
0.180597
0.109145
0.218653
0.106088
0.410798
0.211107
0.088401
0.142447
-0.012358
-0.012122
0.122561
0.074409
0.069848
0.122637
0.171636
0.035797
0.107033
0.123949
0.220203
0.013966
0.104198
0.146622
0.077436
0.156372
0.411792
0.141872
0.137537
-0.062027
0.103546
0.110098
0.248310
0.238034
0.245401
0.309302
0.128427
-0.004403
0.173815
0.217206
0.207319
0.271926
0.153923
0.230813
0.237854
0.183512
0.067674
0.208480
0.123175
0.241583
0.152328
0.195818
0.312395
0.202591
0.120890
0.442112
0.312721
0.179500
0.397215
0.222570
0.174961
0.155175
0.212654
0.152262
0.039480
0.265790
0.158928
-0.138444
0.103199
0.185619
0.031735
0.234118
0.233291
0.329752
0.221427
0.071464
0.266007
0.205079
-0.032680
0.323322
-0.012540
0.179167
0.235680
0.077122
0.333807
0.025983
0.052573
0.382833
0.219428
0.205682
0.187428
-0.138881
0.075601
0.194091
0.079419
0.210665
0.036444
0.050728
0.145510
0.063742
0.067492
0.230307
0.191785
0.064836
0.220167
0.254136
0.439985
0.075654
0.271199
0.103468
0.112389
0.056644
0.077571
0.215515
0.259239
0.211967
0.110597
0.019114
0.182286
0.238420
0.119857
0.217108
0.199933
0.176589
0.163340
0.221706
0.248883
0.157423
0.038800
0.038844
-0.029947
0.057058
0.133169
0.073768
0.076466
0.039551
0.092375
0.268687
0.233420
0.137613
-0.053823
0.179608
0.286687
0.337649
0.115417
0.171867
0.255423
0.093386
0.225205
0.174360
0.078135
0.387499
0.253422
0.170916
0.436577
0.177658
0.266652
0.258158
0.319992
-0.097027
0.100670
0.171106
0.293256
0.296422
0.253933
0.307055
0.250567
0.152140
0.353206
0.118404
0.283269
0.099500
0.074987
0.218951
0.242396
0.302763
0.231053
0.349058
0.056822
0.208147
0.158702
0.136931
0.258836
0.033674
-0.019537
0.337592
0.025614
0.193102
0.202746
0.216434
0.116328
0.156747
0.121043
0.143843
0.041470
0.356500
0.415941
0.146394
0.294782
0.248067
0.190924
0.336689
0.310114
0.180257
0.170962
0.132612
0.192074
0.109992
0.353584
0.013820
0.281000
0.007087
0.252647
0.356576
0.300394
0.293503
0.293405
0.149053
0.173712
0.167756
0.251623
0.129896
0.017509
0.345977
0.217484
0.259322
0.111463
0.368099
0.211742
0.149409
0.189572
0.214360
0.159936
0.179364
0.273116
0.447834
0.311831
0.160085
0.230134
0.428222
0.285090
0.247357
0.148076
0.299595
0.185045
0.131112
0.148806
0.269084
0.133650
0.197241
0.194490
0.063705
0.186416
0.112734
0.036727
0.222903
0.287496
0.257849
0.101400
0.239518
0.236588
0.204693
0.114105
0.156159
0.090669
0.085544
0.244951
0.375408
0.188485
0.124593
0.239032
0.378364
0.269946
0.279588
0.327669
0.004059
0.225947
0.143983
0.091943
0.323769
0.091591
0.028936
0.190524
0.177055
0.093624
0.287091
0.185932
0.209579
0.198445
0.313228
0.100061
0.175028
0.179598
0.141020
0.450210
0.250868
0.039568
0.135624
0.247046
0.405867
0.284759
0.356067
0.180566
0.233672
0.179295
0.115175
0.193577
0.141947
0.121542
0.157430
0.251008
0.249233
0.332501
0.086416
0.027022
0.315227
0.284528
0.353669
0.253713
0.301039
0.188358
0.185551
0.324751
0.193867
0.124767
0.140966
0.060170
-0.032297
0.200135
0.170282
0.145500
0.193191
0.137005
0.230209
0.298246
0.137364
0.264966
0.207921
0.358839
0.291762
0.251689
0.274574
0.031496
0.242650
0.295612
0.175718
0.243271
0.390224
0.350457
0.276462
0.168258
0.158359
0.250885
0.057124
0.098235
0.291921
0.048164
0.104406
0.025384
0.233924
0.268424
0.213402
0.295041
0.103993
0.131591
0.165528
0.153033
0.124193
0.242778
0.074279
0.145424
0.086283
0.202787
0.216345
0.126782
0.234985
0.275866
0.055588
0.200806
0.098515
0.281492
0.229856
0.158201
0.153101
0.223431
0.181652
0.072881
0.135329
0.219254
0.389693
0.107286
0.145502
0.324173
0.139630
0.288251
0.142905
0.083591
0.120430
0.164331
0.151976
0.232039
0.400661
0.240931
0.238871
0.234829
0.016507
-0.051379
0.119604
0.300337
0.270479
0.215981
0.003531
0.109934
0.196306
0.277204
0.198731
0.219947
0.257063
0.327434
0.146159
0.281578
0.208176
0.259823
0.226633
0.256694
0.207521
0.264796
0.263645
0.091874
0.274620
0.286145
0.353215
0.184671
0.352878
0.274487
0.407535
0.235773
0.139838
-0.016055
0.221252
0.358142
0.184878
0.387589
0.224955
0.385994
-0.016971
0.227034
0.195773
0.159188
0.209155
0.189571
0.388821
0.147801
0.031002
0.267536
0.403731
0.143911
0.070434
0.220558
0.218900
0.079232
-0.023545
0.183225
0.181666
0.275571
0.288239
0.253710
0.234943
0.273179
0.328672
0.150710
0.046810
0.257787
0.231008
0.184723
0.224411
0.288136
0.281979
0.213142
0.137180
0.153441
0.241726
0.321006
0.373197
0.269870
0.113474
0.229385
0.194554
0.244823
0.123558
0.234041
0.146789
0.027144
0.247406
-0.023821
0.210767
0.320297
0.029172
0.140864
0.335820
0.199398
0.200838
0.138868
0.105417
0.070111
0.350166
0.160837
0.132231
0.136597
0.213802
0.286589
0.279356
0.200409
0.200331
0.048708
0.274307
0.530625
0.298835
0.171327
0.278184
0.313679
0.227814
0.228409
0.170981
0.221895
0.318132
0.255876
0.111938
0.120672
0.186668
0.269113
0.189341
0.307854
0.180433
0.216052
0.192501
0.307108
0.384318
0.102123
0.153380
0.130679
0.245205
0.346871
0.019079
0.244074
0.379669
0.243820
0.109219
0.265878
-0.046692
0.282507
0.298087
0.229949
0.195111
0.356037
0.245955
0.221851
0.153230
0.129017
0.257373
0.206770
0.419607
0.315330
0.015775
0.064950
0.094786
0.065481
0.180893
0.111610
0.307943
0.212833
0.292774
0.253998
0.216271
0.122980
0.210415
0.076712
0.189133
0.237151
0.160991
0.253466
0.018271
0.159011
0.172092
0.392215
0.092297
0.051765
0.220522
0.220245
0.379086
0.125868
0.481285
0.277886
0.187701
0.044339
0.180441
0.398280
0.247216
0.131687
0.351620
0.171630
0.316764
0.220243
0.161451
0.124977
0.332387
0.282384
0.170777
0.390249
0.332973
0.164692
0.265127
0.197319
0.254452
0.244598
0.041557
0.308930
0.130666
0.313138
0.140795
0.331539
0.350712
0.193328
0.228128
0.285531
0.099266
0.340813
0.272612
0.139684
-0.005780
0.230789
0.234777
0.213664
-0.014432
0.246290
0.220511
0.339782
0.235423
0.394631
0.085490
0.192276
0.298572
0.229789
0.284790
0.215177
0.356412
0.153820
0.224609
0.201637
0.238036
0.338256
0.178160
0.280454
0.434787
0.441455
0.214855
0.081790
0.259174
0.275254
0.368502
0.278505
0.212847
0.179024
0.087758
0.238499
0.120552
0.126560
0.092844
0.174638
0.321846
0.272259
0.044342
0.165767
0.196428
0.329942
0.273404
0.112917
0.225792
0.049169
0.202516
0.253235
0.371159
0.220948
0.326335
0.243275
0.122584
0.123887
0.258362
0.339335
0.245861
0.195764
0.155244
0.192218
0.227870
0.255373
0.371417
0.221153
0.159571
0.098535
0.289909
0.125094
0.154549
0.184400
0.366454
0.214615
0.179577
0.192215
0.234977
0.432643
0.251476
0.398523
0.399464
0.242191
0.267391
0.247931
0.217932
0.207525
0.317297
0.302816
0.218439
0.194543
0.334891
0.416677
0.443595
0.272047
0.160035
0.298193
0.380396
0.424038
0.093534
0.123380
0.233422
0.223232
0.213707
0.176268
0.300460
0.287559
0.450451
0.149040
0.334934
0.415907
0.273117
0.158074
0.376273
0.248054
0.420596
0.474846
0.238598
0.204853
0.338895
0.242785
0.339455
0.041542
0.254173
0.224070
0.257736
0.545139
0.406715
0.254798
0.329582
0.146626
0.128262
0.160711
0.178820
0.294506
0.229000
0.376434
0.259055
0.271360
0.217996
0.203407
0.243530
0.143233
0.252077
0.282704
0.274188
0.097257
0.266689
0.411677
0.111710
0.101154
0.203636
0.270488
0.197880
0.073705
0.283039
0.075395
0.321509
0.364975
0.364593
0.304295
0.152377
0.364457
0.084454
0.183857
0.248634
0.411234
0.306710
0.266367
0.268182
0.251435
0.107739
0.332526
0.441861
0.243631
0.537554
0.405329
0.038096
0.376732
0.278012
0.423346
0.388849
0.184449
0.277926
0.323555
0.140422
0.302315
0.136313
0.355317
0.255237
0.345603
0.143478
0.154415
0.303007
0.184410
0.338036
0.336992
0.203162
0.326461
0.325323
0.228973
0.160130
0.335925
0.185717
0.232574
0.107563
0.526043
0.148122
0.286343
0.125288
0.322515
-0.014748
0.358069
0.305774
0.143149
0.294716
0.327087
0.277248
0.322308
0.210620
0.465155
0.257097
0.450180
0.201650
0.184595
0.238353
0.117673
0.255317
0.204177
0.437790
0.316549
0.283904
0.291356
0.283990
0.259091
0.227036
0.206511
0.245937
0.165929
0.208349
0.298810
0.242061
0.169310
0.209193
0.167856
0.184277
0.430987
0.379487
0.391720
0.329989
0.180570
0.321360
0.183544
0.195243
0.386422
0.223870
0.155198
0.378719
0.188156
0.484634
0.111521
0.343584
0.293703
0.258381
0.262718
0.159764
0.028456
0.272686
0.388028
0.254656
0.204362
0.034871
0.082894
0.339186
0.202119
0.211087
0.267928
0.286415
0.377124
0.048696
0.309467
0.276776
0.407442
0.296410
0.289427
0.313935
0.234632
0.546018
0.033849
0.281734
0.320627
0.331675
0.307226
0.335315
0.409856
0.335600
0.200892
0.111291
0.318939
0.262361
0.141718
0.353800
0.354724
0.311725
0.347787
0.360776
0.206338
0.311801
0.268669
0.382924
0.255994
0.328557
0.429025
0.370389
0.402454
0.396343
0.314660
0.496859
0.397915
0.209757
0.257417
0.207138
0.284422
0.477768
0.210966
0.271659
0.220974
0.128813
0.304972
0.275364
0.116143
0.037550
0.280947
0.242109
0.334079
0.188171
0.176475
0.172739
0.220198
0.220412
0.228113
0.338580
0.149946
0.277590
0.358217
0.532919
0.355223
0.292757
0.223547
0.192462
0.326605
0.376047
0.333146
0.290161
0.103972
0.091840
0.061968
0.259606
0.272746
0.273713
0.255199
0.394897
0.195583
0.369811
0.279790
0.086875
0.342498
0.386745
0.138350
0.227067
0.252219
0.311091
0.299846
0.453957
0.254507
0.241139
0.181151
0.293528
0.300531
0.167745
0.315605
0.293373
0.316471
0.262225
0.410705
0.377849
0.264966
0.351799
0.254304
0.163288
0.196740
0.259391
0.132060
0.220597
0.338552
0.266671
0.127075
0.289233
0.422266
0.302572
0.268704
0.370270
0.599882
0.292086
0.384794
0.366876
0.006473
0.175989
0.301822
0.238765
0.113916
0.375134
0.262118
0.255984
0.205187
0.316060
0.322513
0.335378
0.326651
0.294656
0.275323
0.306317
0.399171
0.351723
0.310148
0.190982
0.245124
0.416585
0.322346
0.072018
0.182903
0.204130
0.146417
0.268577
0.418741
0.127381
0.102419
0.302479
0.288704
0.235575
0.342555
0.155739
0.343221
0.245872
0.383447
0.104308
0.430964
0.250740
0.210896
0.270115
0.304633
0.197035
0.210398
0.155539
0.186783
0.326051
0.293758
0.005883
0.219971
0.179429
0.252500
0.399109
0.285841
0.334912
0.155447
0.266859
0.338070
0.072590
0.247469
0.247921
0.374395
0.157905
0.262009
0.252829
0.295653
0.388053
0.325275
0.288801
0.305139
0.339026
0.275883
0.365301
0.206843
0.101797
0.266568
0.344624
0.318314
0.303508
0.279555
0.301186
0.455078
0.467307
0.077774
0.533456
0.459935
0.345232
0.307583
0.387877
0.312519
0.221807
0.473410
0.370715
0.174291
0.346583
0.389511
0.402056
0.391996
0.478391
0.162271
0.158407
0.401957
0.270772
0.392015
0.293964
0.298906
0.316992
0.024232
0.298947
0.192957
0.201498
0.093001
0.321077
0.247687
0.235561
0.271053
0.357130
0.272419
0.347431
0.247776
0.322079
0.275767
0.487197
0.276751
0.224404
0.355767
0.231039
0.423687
0.396496
0.266957
0.351456
0.542940
0.455791
0.284037
0.092862
0.432412
0.344855
0.282194
0.427257
0.220222
0.252532
0.423703
0.496805
0.334127
0.375107
0.475075
0.088124
0.305052
0.272099
0.261108
0.484687
0.418815
0.329826
0.358038
0.178882
0.129436
0.392785
0.428715
0.202029
0.413980
0.143658
0.238499
0.428928
0.223488
0.162849
0.287382
0.383361
0.518590
0.320444
0.118964
0.324121
0.418283
0.363803
0.191452
0.148257
0.300212
0.328203
0.326698
0.438898
0.449944
0.428203
0.142290
0.376187
0.109912
0.237761
0.305302
0.206851
0.273387
0.276923
0.220866
0.394869
0.385133
0.453208
0.227935
0.431891
0.216203
0.344757
0.201119
0.352714
0.118182
0.321857
0.332386
0.292956
0.339696
0.254231
0.367044
0.303584
0.327876
0.308641
0.433624
0.330902
0.306817
0.415541
0.241063
0.222884
0.308242
0.243085
0.178810
0.266642
0.479647
0.200343
0.396320
0.282454
0.244683
0.317127
0.284951
0.223657
0.265068
0.204545
0.371111
0.124026
0.433837
0.306336
0.372873
0.200979
0.186644
0.308418
0.293240
0.324929
0.351810
0.282217
0.355803
0.232616
0.415055
0.183703
0.330452
0.293559
0.295867
0.175163
0.272485
0.151553
0.344911
0.415205
0.387729
0.365318
0.433827
0.353815
0.199439
0.261828
0.196924
0.324626
0.309390
0.419453
0.321645
0.266919
0.215574
0.238228
0.331920
0.271605
0.267304
0.361225
0.288151
0.289066
0.317525
0.511491
0.405192
0.310019
0.465917
0.267626
0.474495
0.367159
0.281051
0.240872
0.235687
0.204913
0.298702
0.376412
0.439748
0.450104
0.227798
0.367509
0.381734
0.315977
0.170395
0.288448
0.187980
0.524019
0.399159
0.370484
0.352869
0.180677
0.354243
0.278288
0.351634
0.276459
0.201101
0.502819
0.508937
0.307454
0.227396
0.227988
0.158536
0.273230
0.452967
0.146519
0.233599
0.500926
0.296735
0.312703
0.290385
0.337481
0.529495
0.363249
0.281526
0.272045
0.095379
0.307294
0.368088
0.353563
0.377726
0.295761
0.142369
0.329821
0.433724
0.368322
0.269214
0.327920
0.110827
0.305322
0.135316
0.565908
0.319536
0.401961
0.266750
0.201272
0.311669
0.250562
0.168306
0.208894
0.121609
0.281825
0.488843
0.269498
0.321814
0.425019
0.378685
0.310003
0.205449
0.188519
0.270441
0.172282
0.455752
0.320388
0.345255
0.333148
0.291428
0.195198
0.227731
0.322780
0.297893
0.231293
0.402657
0.305688
0.473635
0.482933
0.193559
0.298589
0.293909
0.477993
0.277782
0.521507
0.277083
0.355014
0.304837
0.528750
0.404512
0.410640
0.171420
0.351889
0.146639
0.312922
0.427583
0.308444
0.302325
0.454965
0.251346
0.374371
0.298090
0.401055
0.196137
0.318227
0.315249
0.411807
0.416469
0.314050
0.167320
0.381391
0.253054
-0.064871
0.360363
0.371756
0.325624
0.595628
0.355637
0.277082
0.154934
0.444016
0.331628
0.237573
0.312417
0.228947
0.315756
0.508331
0.367184
0.244138
0.389487
0.248750
0.310377
0.296603
0.260317
0.354032
0.254753
0.270799
0.152854
0.251374
0.232025
0.372847
0.292677
0.276544
0.367827
0.197778
0.299819
0.327623
0.174891
0.243924
0.271257
0.423626
0.294209
0.208914
0.381697
0.134649
0.361630
0.239505
0.396821
0.232208
0.183729
0.157127
0.424189
0.425047
0.288359
0.239521
0.177410
0.410429
0.264459
0.376637
0.418126
0.515254
0.358003
0.324779
0.275789
0.152163
0.188356
0.472559
0.331045
0.418917
0.341450
0.400033
0.304577
0.358361
0.445242
0.291371
0.425828
0.321634
0.331782
0.313798
0.154410
0.238493
0.291908
0.240451
0.341424
0.340177
0.299523
0.466537
0.472004
0.422028
0.259601
0.349123
0.343775
0.115038
0.219917
0.264209
0.200392
0.383784
0.476327
0.216213
0.331465
0.280156
0.384906
0.259391
0.417697
0.186341
0.273933
0.330580
0.490337
0.354258
0.225567
0.227782
0.275021
0.281313
0.345385
0.282663
0.269506
0.399140
0.337184
0.309495
0.249023
0.236394
0.535074
0.356162
0.257991
0.427945
0.395025
0.355183
0.416873
0.271498
0.301016
0.373474
0.263880
0.343842
0.084828
0.111686
0.409152
0.246068
0.195556
0.272223
0.312217
0.300078
0.315397
0.359889
0.330693
0.195024
0.268340
0.170935
0.413496
0.278778
0.366092
0.379722
0.283350
0.197504
0.409072
0.394817
0.390116
0.324599
0.440197
0.444742
0.391101
0.300004
0.374376
0.186220
0.485942
0.267926
0.299699
0.318400
0.280385
0.407468
0.371498
0.369191
0.427189
0.322149
0.445757
0.443037
0.328043
0.383830
0.400537
0.142789
0.426076
0.232798
0.332289
0.433236
0.326953
0.355334
0.152556
0.327935
0.097689
0.297167
0.393133
0.274492
0.511977
0.457879
0.256415
0.407463
0.412158
0.194780
0.601214
0.427832
0.531859
0.620361
0.353722
0.352965
0.208146
0.189160
0.497566
0.434728
0.450943
0.512969
0.398745
0.288192
0.235498
0.466751
0.368170
0.255181
0.473008
0.363055
0.456402
0.196894
0.419805
0.345156
0.282723
0.385632
0.206238
0.439259
0.318411
0.375249
0.441540
0.520449
0.396117
0.356659
0.432998
0.310679
0.316262
0.489808
0.215478
0.330676
0.381862
0.237750
0.247244
0.183694
0.297873
0.376946
0.237451
0.222024
0.306705
0.303146
0.377812
0.404387
0.214205
0.271008
0.341428
0.345380
0.371435
0.318364
0.386158
0.291313
0.102131
0.483512
0.358978
0.303202
0.388776
0.262887
0.419340
0.376177
0.556639
0.386951
0.301953
0.341207
0.238460
0.415727
0.482851
0.308688
0.274321
0.417542
0.378697
0.396772
0.377788
0.474602
0.143557
0.488275
0.176622
0.401665
0.323013
0.313104
0.430747
0.561837
0.241543
0.221960
0.646858
0.471850
0.192801
0.303886
0.330749
0.376697
0.318195
0.514076
0.479704
0.683221
0.541953
0.264018
0.155578
0.263565
0.821835
0.404094
0.245835
0.160722
0.339415
0.305611
0.390481
0.310244
0.554183
0.288804
0.191971
0.214952
0.476668
0.408075
0.307010
0.324473
0.386923
0.244916
0.201500
0.388544
0.301212
0.318327
0.304173
0.283114
0.464816
0.217687
0.524825
0.332944
0.125997
0.407226
0.276119
0.446067
0.480643
0.274143
0.332293
0.378903
0.287230
0.363888
0.372973
0.379418
0.390446
0.397160
0.098288
0.374000
0.234026
0.356656
0.565671
0.330195
0.360281
0.320737
0.347218
0.367791
0.342838
0.211488
0.423023
0.263831
0.363033
0.273393
0.300766
0.119836
0.339376
0.485873
0.185069
0.277558
0.384266
0.248956
0.410601
0.241229
0.354999
0.298803
0.289869
0.336147
0.248025
0.332723
0.300998
0.491909
0.154430
0.441388
0.357047
0.220452
0.468172
0.477434
0.443324
0.518754
0.348812
0.358079
0.357335
-0.026865
0.371530
0.365965
0.152079
0.373190
0.381870
0.325626
0.271707
0.287679
0.369036
0.422371
0.484156
0.542983
0.314734
0.579528
0.153204
0.477090
0.450358
0.282649
0.306941
0.300832
0.373397
0.268583
0.421566
0.301933
0.411129
0.368068
0.191397
0.295416
0.256768
0.318947
0.375507
0.306856
0.555694
0.323919
0.455368
0.470780
0.358555
0.391478
0.407297
0.319343
0.573808
0.439359
0.507764
0.358481
0.422967
0.314052
0.406314
0.423985
0.067515
0.321122
0.156099
0.385816
0.398450
0.402160
0.441379
0.114385
0.361701
0.285305
0.488520
0.328098
0.336707
0.373691
0.201181
0.274015
0.453179
0.240112
0.215772
0.416340
0.284424
0.196336
0.304123
0.395237
0.446156
0.462812
0.350542
0.514037
0.236760
0.350693
0.130054
0.423071
0.214744
0.387809
0.122564
0.541988
0.396543
0.539739
0.532661
0.318136
0.346559
0.303844
0.422431
0.484209
0.386763
0.242406
0.317772
0.486318
0.257614
0.290571
0.512754
0.401135
0.367865
0.429446
0.496122
0.325054
0.409429
0.412031
0.519788
0.358490
0.550072
0.367997
0.149143
0.311917
0.524948
0.398711
0.415761
0.265556
0.424027
0.495145
0.434023
0.326485
0.254063
0.400071
0.379496
0.603369
0.401516
0.310558
0.435831
0.437546
0.312089
0.243036
0.239111
0.455957
0.307532
0.416941
0.326093
0.334660
0.470757
0.217423
0.411618
0.415668
0.338237
0.384807
0.334782
0.335235
0.497043
0.419292
0.345764
0.390808
0.183532
0.402996
0.058401
0.459120
0.647818
0.469295
0.465840
0.397686
0.261674
0.308698
0.383147
0.438424
0.360069
0.411164
0.315180
0.434044
0.314191
0.194576
0.275721
0.318760
0.390545
0.434965
0.462018
0.471174
0.326493
0.436057
0.444067
0.363263
0.282211
0.319132
0.559927
0.488165
0.424159
0.303596
0.456242
0.331508
0.279334
0.405211
0.421590
0.413140
0.448594
0.403613
0.386782
0.444483
0.604571
0.420114
0.420284
0.417405
0.433194
0.566709
0.499342
0.219412
0.349176
0.435331
0.282656
0.351147
0.335744
0.458099
0.390954
0.385969
0.449924
0.355614
0.251976
0.308623
0.422068
0.344252
0.466987
0.365798
0.247412
0.515413
0.397234
0.237404
0.448344
0.383497
0.414267
0.286821
0.449877
0.208575
0.281367
0.192140
0.512402
0.412437
0.398844
0.322293
0.466531
0.248556
0.241986
0.379026
0.356294
0.337410
0.295449
0.250289
0.531417
0.332936
0.319009
0.403877
0.403660
0.410492
0.324694
0.378235
0.308584
0.437580
0.412472
0.277309
0.362698
0.415871
0.406576
0.467568
0.427574
0.368591
0.166808
0.344383
0.414079
0.502147
0.451007
0.532775
0.406033
0.332195
0.310000
0.225776
0.373981
0.370369
0.341570
0.533558
0.476199
0.452660
0.337067
0.381580
0.446119
0.373249
0.571293
0.273668
0.390127
0.244777
0.313942
0.362103
0.440976
0.339721
0.271099
0.360439
0.248313
0.346126
0.246060
0.327930
0.286594
0.456981
0.469629
0.221041
0.328860
0.467210
0.194013
0.299049
0.382660
0.472835
0.668889
0.342158
0.574124
0.482774
0.292167
0.305757
0.402125
0.558060
0.419633
-0.008153
0.394661
0.490609
0.414724
0.596342
0.406524
0.508038
0.392449
0.430397
0.481611
0.476458
0.436281
0.363261
0.511948
0.364233
0.486741
0.387957
0.478145
0.354757
0.480752
0.508000
0.476575
0.271502
0.334374
0.365695
0.409724
0.362439
0.372421
0.218745
0.385087
0.481011
0.449934
0.552220
0.320650
0.277650
0.480388
0.494260
0.410592
0.328528
0.335270
0.409969
0.366661
0.383286
0.480914
0.533522
0.513593
0.376285
0.331428
0.221783
0.392578
0.234103
0.355629
0.724885
0.348278
0.423191
0.390920
0.424804
0.494555
0.536806
0.517955
0.306811
0.360600
0.343847
0.363950
0.213399
0.537326
0.395709
0.392215
0.438330
0.570749
0.404289
0.270298
0.521141
0.473090
0.475660
0.486832
0.381355
0.480126
0.557738
0.473382
0.532472
0.393248
0.339315
0.394737
0.368137
0.317771
0.339605
0.372671
0.454551
0.608817
0.234443
0.404618
0.481361
0.528557
0.384481
0.279098
0.347522
0.414454
0.299788
0.368835
0.427378
0.367124
0.343305
0.302616
0.421953
0.330674
0.310576
0.350999
0.230466
0.458811
0.528494
0.294838
0.499681
0.347753
0.274105
0.490931
0.427090
0.508477
0.363878
0.119817
0.310528
0.483860
0.473629
0.453654
0.322497
0.233840
0.328049
0.530925
0.453940
0.347990
0.356851
0.409384
0.483336
0.425215
0.493809
0.376194
0.381131
0.342758
0.302421
0.292413
0.420661
0.451145
0.452641
0.412310
0.287118
0.509378
0.388308
0.323532
0.542663
0.358742
0.398889
0.251534
0.324231
0.360431
0.476582
0.302837
0.354170
0.380990
0.345353
0.398072
0.217436
0.256992
0.471434
0.431807
0.387372
0.571354
0.251054
0.397014
0.328868
0.430108
0.391442
0.577150
0.525814
0.507560
0.364221
0.452423
0.352425
0.289009
0.401541
0.425698
0.376592
0.392693
0.750987
0.188597
0.539556
0.364099
0.416738
0.372067
0.587432
0.573903
0.485557
0.499702
0.345647
0.346079
0.351117
0.426729
0.366722
0.606070
0.425784
0.545547
0.418543
0.355924
0.481506
0.430114
0.492384
0.424928
0.324116
0.363751
0.507383
0.487395
0.617888
0.383514
0.552911
0.428930
0.354870
0.304691
0.456543
0.282686
0.359771
0.441880
0.316244
0.282830
0.273201
0.417405
0.336254
0.531094
0.463293
0.531102
0.442420
0.548246
0.350301
0.442929
0.370154
0.500180
0.427577
0.307622
0.398189
0.279281
0.257797
0.466907
0.399929
0.345838
0.362630
0.350037
0.380517
0.322226
0.303432
0.171978
0.406032
0.429180
0.440294
0.359283
0.277177
0.381714
0.355800
0.464969
0.351809
0.604402
0.428784
0.446745
0.222105
0.463792
0.448773
0.265751
0.358483
0.394648
0.354471
0.293193
0.496300
0.426888
0.301717
0.319784
0.352804
0.317541
0.495758
0.418446
0.469932
0.466021
0.315573
0.438119
0.487393
0.359235
0.426112
0.566259
0.367789
0.399062
0.317960
0.332774
0.561863
0.384993
0.348770
0.459674
0.497218
0.449615
0.524690
0.393705
0.462093
0.466857
0.593755
0.398073
0.427609
0.354435
0.469047
0.458959
0.355007
0.459894
0.541185
0.473787
0.336242
0.350726
0.235349
0.225733
0.225061
0.304331
0.461655
0.464751
0.379563
0.475122
0.389351
0.596335
0.371163
0.392817
0.307594
0.301441
0.283076
0.306726
0.502637
0.370688
0.385567
0.320956
0.351320
0.566929
0.380953
0.419689
0.370811
0.410825
0.503022
0.490224
0.190297
0.517041
0.463000
0.318411
0.524278
0.403020
0.356804
0.588816
0.363644
0.341985
0.391573
0.407351
0.341897
0.620576
0.508604
0.371555
0.357677
0.220192
0.528525
0.418472
0.494107
0.500713
0.457788
0.467816
0.229514
0.607812
0.271190
0.571235
0.431440
0.511434
0.305787
0.526465
0.506054
0.463488
0.280546
0.432115
0.378298
0.283950
0.540925
0.318324
0.172903
0.481784
0.485900
0.316597
0.400932
0.410012
0.449980
0.354671
0.469180
0.396209
0.445926
0.438175
0.281112
0.361330
0.487002
0.243009
0.189456
0.452357
0.394689
0.534923
0.377812
0.294342
0.311292
0.507852
0.399746
0.553545
0.510599
0.351696
0.514810
0.428073
0.575027
0.427209
0.589333
0.480092
0.263190
0.402830
0.463981
0.512630
0.471605
0.518558
0.408601
0.448564
0.330502
0.275975
0.458043
0.396288
0.306000
0.410039
0.276415
0.656913
0.592450
0.303983
0.407833
0.342311
0.452787
0.388108
0.297445
0.407614
0.380152
0.394814
0.504572
0.409632
0.381433
0.277458
0.359961
0.436274
0.426561
0.184354
0.467396
0.344463
0.466592
0.475266
0.529541
0.392815
0.486405
0.489298
0.557737
0.512878
0.488733
0.524967
0.573677
0.387109
0.498063
0.438768
0.250025
0.281548
0.277447
0.487193
0.429966
0.452854
0.417197
0.570913
0.532188
0.602539
0.429323
0.429794
0.553380
0.364923
0.486577
0.538724
0.397443
0.551067
0.377898
0.389932
0.418556
0.430900
0.470692
0.446147
0.466280
0.403252
0.217091
0.209196
0.570531
0.397022
0.386698
0.414867
0.432362
0.403778
0.461748
0.346923
0.475650
0.722798
0.589138
0.399334
0.426716
0.350617
0.580561
0.555092
0.486250
0.546587
0.406487
0.479463
0.576731
0.336984
0.459612
0.422025
0.497870
0.448408
0.457002
0.466143
0.373774
0.344604
0.483386
0.247586
0.592635
0.646873
0.552669
0.315213
0.434327
0.336965
0.193064
0.540378
0.594678
0.591664
0.346826
0.218012
0.373281
0.382001
0.458123
0.298966
0.476456
0.513537
0.492042
0.437613
0.453941
0.358411
0.499402
0.370092
0.562814
0.594261
0.556013
0.335428
0.412908
0.335908
0.372605
0.594581
0.671615
0.424061
0.435733
0.459489
0.679503
0.365999
0.402826
0.524865
0.364880
0.502964
0.432342
0.343749
0.607461
0.365939
0.482647
0.408578
0.522449
0.423806
0.559301
0.492427
0.522628
0.535263
0.431658
0.469269
0.522299
0.399178
0.506731
0.546018
0.424408
0.452624
0.237859
0.551665
0.359405
0.411804
0.289931
0.514745
0.477616
0.552647
0.538205
0.525349
0.382251
0.446219
0.560450
0.542817
0.271698
0.359201
0.488414
0.553457
0.402085
0.533911
0.432360
0.585129
0.447655
0.388778
0.566272
0.489208
0.525312
0.259016
0.490945
0.558831
0.488899
0.356031
0.644888
0.287172
0.547016
0.307344
0.258983
0.469694
0.410152
0.367710
0.461183
0.314555
0.566581
0.479629
0.438704
0.462790
0.622260
0.491307
0.468740
0.568831
0.520562
0.500222
0.392945
0.420792
0.379495
0.396347
0.428654
0.517949
0.547657
0.460376
0.527461
0.565169
0.435011
0.477835
0.603370
0.558896
0.417717
0.438024
0.301161
0.384984
0.575051
0.531369
0.190693
0.404782
0.453283
0.553037
0.264973
0.675997
0.471924
0.619554
0.470342
0.530409
0.233088
0.564755
0.485629
0.475313
0.471128
0.326760
0.503835
0.436926
0.677285
0.575891
0.533684
0.417734
0.519991
0.366589
0.377613
0.667789
0.385387
0.290981
0.418006
0.407867
0.513005
0.430512
0.431935
0.545275
0.495472
0.539106
0.434409
0.363351
0.387522
0.666007
0.508294
0.561060
0.342749
0.512868
0.380731
0.452915
0.543457
0.338036
0.284763
0.316433
0.335986
0.378915
0.479180
0.479918
0.514045
0.674545
0.519549
0.495069
0.379526
0.316452
0.472959
0.488927
0.283991
0.490214
0.551133
0.672650
0.346950
0.386284
0.274964
0.515545
0.622301
0.654834
0.309362
0.418517
0.550485
0.471936
0.470815
0.554832
0.531821
0.453134
0.304872
0.488956
0.326269
0.440957
0.372320
0.320404
0.406265
0.539656
0.362620
0.292617
0.448608
0.377966
0.525059
0.462660
0.477646
0.468031
0.429914
0.449035
0.467499
0.392065
0.630161
0.681284
0.379995
0.483083
0.535882
0.575050
0.295482
0.189621
0.551507
0.299665
0.425081
0.233559
0.684358
0.438200
0.462486
0.551676
0.549267
0.457235
0.514843
0.546130
0.519871
0.486132
0.328919
0.489432
0.349574
0.494074
0.496548
0.492491
0.641361
0.609471
0.329077
0.358449
0.414349
0.415180
0.356431
0.507721
0.480601
0.508913
0.525151
0.432115
0.586485
0.244339
0.450428
0.486157
0.472148
0.697570
0.431043
0.549111
0.352062
0.564137
0.509802
0.581239
0.425622
0.470046
0.540904
0.393388
0.390622
0.529703
0.430238
0.448710
0.534080
0.492684
0.456392
0.524064
0.316491
0.474467
0.361158
0.521054
0.455519
0.472097
0.531615
0.437988
0.490969
0.407130
0.574723
0.461050
0.491001
0.374174
0.585270
0.395178
0.701475
0.396820
0.473500
0.486484
0.380323
0.557589
0.517293
0.568210
0.441745
0.551625
0.488826
0.530678
0.571241
0.501898
0.309000
0.536858
0.219149
0.568677
0.464504
0.436837
0.439991
0.393617
0.336547
0.411142
0.226559
0.441339
0.391687
0.363578
0.526326
0.447616
0.322794
0.405143
0.428427
0.415293
0.568580
0.403474
0.513414
0.549383
0.504577
0.468388
0.336109
0.409595
0.491398
0.370756
0.416229
0.515187
0.610905
0.372377
0.395473
0.388951
0.561730
0.663360
0.691625
0.499670
0.744363
0.562876
0.655432
0.625544
0.451524
0.536246
0.424710
0.300552
0.531159
0.495650
0.577429
0.360819
0.529448
0.412234
0.525412
0.385894
0.542540
0.587585
0.602346
0.448082
0.515109
0.459497
0.616596
0.579069
0.427404
0.635633
0.485141
0.409857
0.472528
0.543515
0.430682
0.471495
0.452696
0.528910
0.465283
0.520904
0.509796
0.509130
0.569627
0.316414
0.565309
0.377690
0.510779
0.600672
0.349213
0.525859
0.573289
0.439828
0.485357
0.453960
0.468000
0.504494
0.559889
0.536004
0.454021
0.537900
0.369459
0.425706
0.481679
0.697183
0.619667
0.570541
0.536418
0.632764
0.508564
0.415586
0.580584
0.472001
0.389013
0.249667
0.639405
0.546782
0.548830
0.636078
0.517526
0.405663
0.611687
0.385597
0.388146
0.691886
0.409741
0.517915
0.520732
0.579412
0.457937
0.589410
0.531106
0.319414
0.538312
0.393241
0.581498
0.470279
0.408988
0.316369
0.457430
0.374900
0.314393
0.472887
0.339515
0.415442
0.516537
0.454970
0.674373
0.461699
0.375893
0.420781
0.423496
0.486082
0.440819
0.488953
0.460591
0.451749
0.430788
0.474697
0.541930
0.532617
0.275402
0.663987
0.281201
0.460842
0.552114
0.367894
0.351997
0.328571
0.548654
0.370225
0.604595
0.549018
0.518346
0.460070
0.462492
0.477783
0.442630
0.444303
0.435537
0.432534
0.428506
0.526890
0.477941
0.397882
0.531325
0.568459
0.486405
0.414825
0.530195
0.406429
0.513424
0.785989
0.451366
0.560851
0.448188
0.560387
0.479603
0.293555
0.507298
0.372493
0.511675
0.350200
0.441175
0.486910
0.422880
0.613617
0.301796
0.514512
0.532690
0.610819
0.386326
0.376990
0.524601
0.475696
0.487249
0.563225
0.545313
0.439340
0.435534
0.492972
0.584652
0.560917
0.574433
0.600602
0.495390
0.510449
0.553909
0.355264
0.602740
0.401349
0.471739
0.394516
0.490683
0.351561
0.573872
0.521283
0.455007
0.510863
0.394994
0.367481
0.426744
0.324683
0.457534
0.627801
0.453935
0.537515
0.461427
0.524691
0.485350
0.404765
0.417147
0.522075
0.426602
0.479347
0.519631
0.492676
0.524586
0.711716
0.599929
0.559304
0.521769
0.551205
0.540927
0.344072
0.533858
0.664087
0.641899
0.508404
0.479382
0.493535
0.357573
0.480870
0.552568
0.404728
0.640469
0.550608
0.306345
0.370118
0.492335
0.383778
0.327669
0.395741
0.526045
0.451760
0.384911
0.581313
0.464308
0.497682
0.517567
0.479780
0.548870
0.573668
0.574784
0.525944
0.527750
0.484766
0.743553
0.501948
0.587265
0.687703
0.520973
0.520429
0.567566
0.508756
0.476305
0.617143
0.566518
0.473689
0.370053
0.421447
0.579549
0.488089
0.406714
0.565322
0.559526
0.362921
0.413014
0.507573
0.598267
0.589065
0.585574
0.472019
0.358317
0.389687
0.534282
0.416783
0.497160
0.602097
0.676472
0.541604
0.499059
0.386162
0.596589
0.417922
0.331257
0.531602
0.572103
0.594744
0.443735
0.494123
0.627311
0.426376
0.568997
0.516418
0.552851
0.547843
0.434037
0.561953
0.482290
0.523370
0.443450
0.535170
0.544566
0.420056
0.467913
0.634537
0.550000
0.631877
0.505063
0.629386
0.525769
0.438582
0.577276
0.470702
0.472753
0.561539
0.448276
0.525737
0.594703
0.561935
0.495887
0.635522
0.366655
0.384644
0.343846
0.441700
0.605724
0.547346
0.431184
0.586577
0.475586
0.578355
0.628442
0.427026
0.577917
0.318177
0.609270
0.375242
0.595723
0.670185
0.608543
0.556361
0.616854
0.694886
0.699848
0.518963
0.650415
0.562455
0.539130
0.340696
0.453341
0.543807
0.472073
0.583594
0.430697
0.483990
0.582990
0.474549
0.589815
0.267633
0.450450
0.488328
0.437618
0.380026
0.680707
0.454760
0.584131
0.548578
0.373335
0.555100
0.551523
0.510439
0.566009
0.348345
0.366887
0.372348
0.467871
0.498424
0.486170
0.467885
0.462095
0.359540
0.446451
0.461139
0.658021
0.520186
0.577739
0.512236
0.408493
0.324649
0.515756
0.430254
0.474426
0.504780
0.605128
0.497896
0.570980
0.430345
0.527252
0.487736
0.522739
0.447185
0.432400
0.586868
0.537681
0.537142
0.674429
0.777462
0.456723
0.302566
0.389530
0.468789
0.601311
0.574289
0.574456
0.490786
0.615634
0.399914
0.712107
0.496343
0.532793
0.554946
0.637126
0.525385
0.415314
0.564520
0.458389
0.449414
0.616183
0.618477
0.595854
0.414942
0.762939
0.525400
0.481427
0.726844
0.649985
0.643728
0.382848
0.446552
0.668540
0.563449
0.832049
0.555067
0.667813
0.515865
0.487479
0.600519
0.587325
0.514638
0.656042
0.489339
0.622711
0.554945
0.453987
0.529096
0.476007
0.515948
0.542116
0.317785
0.458395
0.511400
0.426898
0.471121
0.462479
0.569372
0.675581
0.432777
0.454550
0.669954
0.616204
0.550158
0.409734
0.626076
0.388309
0.512568
0.506000
0.361254
0.444838
0.475948
0.627458
0.423238
0.449279
0.411421
0.506518
0.587438
0.540241
0.403545
0.476039
0.494546
0.418968
0.565835
0.528038
0.568668
0.461345
0.342491
0.618948
0.747267
0.737189
0.478981
0.638306
0.567145
0.512399
0.546042
0.654928
0.544076
0.569727
0.559643
0.462557
0.601113
0.376373
0.540872
0.457999
0.578987
0.467216
0.486348
0.481841
0.622886
0.598620
0.402889
0.456879
0.501602
0.377188
0.384975
0.456540
0.764469
0.512282
0.581114
0.713991
0.561509
0.390709
0.492096
0.534057
0.691393
0.643396
0.389652
0.656317
0.414395
0.533784
0.436661
0.526345
0.623342
0.365562
0.672199
0.326144
0.516565
0.542925
0.497304
0.492988
0.651130
0.545761
0.501719
0.485377
0.505564
0.593354
0.572049
0.515671
0.530001
0.498007
0.587323
0.445690
0.519030
0.607627
0.486224
0.250435
0.496496
0.589373
0.471954
0.609913
0.379029
0.792937
0.612871
0.398239
0.458825
0.587971
0.462997
0.619856
0.588028
0.588630
0.454232
0.502288
0.492254
0.475439
0.624732
0.680382
0.369189
0.325319
0.518840
0.580934
0.693634
0.654155
0.516812
0.611093
0.585038
0.555406
0.812029
0.609611
0.521134
0.654032
0.617665
0.492713
0.481742
0.638463
0.531366
0.414590
0.480127
0.652084
0.436960
0.647935
0.431874
0.378263
0.582315
0.525993
0.496641
0.488715
0.781872
0.400175
0.563811
0.604568
0.570871
0.650051
0.420818
0.582573
0.535799
0.643551
0.604113
0.619421
0.501687
0.496832
0.719369
0.510278
0.366017
0.471637
0.606011
0.491654
0.312871
0.441556
0.534798
0.495537
0.472662
0.454124
0.495106
0.647216
0.604303
0.336552
0.421718
0.662753
0.827555
0.441613
0.509070
0.579778
0.576766
0.468661
0.564567
0.478527
0.427911
0.507052
0.426899
0.402283
0.844476
0.363719
0.596675
0.418150
0.378008
0.462032
0.595263
0.657502
0.617383
0.567717
0.512315
0.548577
0.647112
0.559330
0.571697
0.489747
0.589090
0.631043
0.588911
0.540945
0.532158
0.658456
0.554814
0.535440
0.269767
0.576504
0.464475
0.615743
0.438162
0.635688
0.578691
0.467560
0.457279
0.568269
0.623752
0.493029
0.672905
0.603301
0.441283
0.587644
0.503629
0.384947
0.426833
0.399241
0.510720
0.636258
0.519535
0.569321
0.496776
0.604101
0.585898
0.539186
0.605174
0.558675
0.661370
0.654670
0.614955
0.559623
0.719405
0.437615
0.563220
0.750068
0.467276
0.553141
0.441136
0.698235
0.666951
0.479064
0.630264
0.567705
0.421072
0.729115
0.588365
0.607278
0.639446
0.583750
0.487109
0.648196
0.634026
0.395559
0.611415
0.454310
0.588114
0.642298
0.443065
0.440425
0.622508
0.600044
0.477991
0.424933
0.581245
0.540221
0.481674
0.765614
0.527583
0.531802
0.492270
0.629159
0.577672
0.472267
0.630192
0.482333
0.584600
0.536596
0.617384
0.580540
0.442026
0.612743
0.503247
0.686106
0.532536
0.641837
0.653616
0.752215
0.359833
0.591693
0.543986
0.398067
0.728937
0.400833
0.626567
0.479608
0.649168
0.604656
0.688271
0.561821
0.738744
0.658372
0.539608
0.645002
0.479463
0.622547
0.555882
0.526192
0.494047
0.496551
0.514012
0.494298
0.603078
0.545705
0.544764
0.704198
0.594270
0.453743
0.612256
0.423828
0.697443
0.517454
0.568673
0.499429
0.485314
0.618512
0.610238
0.527123
0.590758
0.532555
0.596046
0.641970
0.563649
0.390325
0.657939
0.562584
0.531285
0.649550
0.574730
0.714278
0.452309
0.533776
0.601335
0.444028
0.487616
0.590804
0.683746
0.566684
0.472975
0.423499
0.568439
0.588141
0.652833
0.553650
0.737119
0.561570
0.578293
0.447529
0.514626
0.571887
0.626094
0.587785
0.408370
0.487142
0.597368
0.502088
0.758602
0.599447
0.558668
0.669156
0.453445
0.475351
0.481089
0.667374
0.575316
0.648367
0.533081
0.514990
0.656029
0.550866
0.463932
0.667844
0.687446
0.356662
0.682782
0.656905
0.581066
0.625437
0.607842
0.485762
0.411374
0.464586
0.462225
0.619303
0.513514
0.691610
0.688100
0.398186
0.599987
0.514437
0.643166
0.667558
0.458065
0.643937
0.780733
0.461296
0.783517
0.558593
0.438303
0.458803
0.669349
0.524768
0.665440
0.549207
0.703977
0.545747
0.734269
0.582505
0.514763
0.452216
0.672508
0.466715
0.593881
0.523547
0.738880
0.748558
0.468168
0.751921
0.566513
0.494139
0.571075
0.682493
0.691469
0.556635
0.544041
0.696201
0.452310
0.404417
0.675981
0.582400
0.401180
0.530414
0.615241
0.603891
0.697726
0.593198
0.429207
0.726629
0.586924
0.656346
0.548714
0.557924
0.720873
0.826490
0.523781
0.585792
0.425485
0.633542
0.761436
0.700609
0.550045
0.511086
0.833151
0.606484
0.509677
0.617566
0.686433
0.681368
0.634239
0.672314
0.653165
0.744692
0.406585
0.572081
0.716564
0.694728
0.612941
0.542195
0.614840
0.718042
0.621724
0.357046
0.634987
0.610946
0.715865
0.641462
0.499836
0.436842
0.458602
0.488097
0.519993
0.624070
0.494783
0.400529
0.650407
0.592698
0.579711
0.495813
0.625862
0.502824
0.447409
0.575845
0.383127
0.490999
0.445467
0.554571
0.332072
0.724886
0.593555
0.878752
0.523397
0.746241
0.645997
0.569603
0.579717
0.633550
0.688938
0.747717
0.525286
0.526821
0.575854
0.610538
0.528342
0.475343
0.676731
0.755632
0.655532
0.639090
0.472905
0.676016
0.419463
0.603831
0.509944
0.528191
0.554661
0.675668
0.647485
0.599011
0.619591
0.618851
0.576152
0.642924
0.576351
0.485461
0.526737
0.592369
0.654772
0.624936
0.505377
0.665775
0.623833
0.574939
0.415856
0.695528
0.613043
0.504964
0.628792
0.530243
0.594788
0.547476
0.706640
0.572602
0.575592
0.557517
0.624555
0.588962
0.482383
0.590744
0.581901
0.747058
0.532399
0.755926
0.527943
0.510385
0.613787
0.784470
0.517740
0.576690
0.624725
0.647196
0.623300
0.526405
0.625777
0.564786
0.686542
0.521040
0.314647
0.537121
0.631840
0.499563
0.644572
0.562318
0.473278
0.566859
0.657426
0.571751
0.558183
0.530063
0.544033
0.526579
0.356511
0.533521
0.467160
0.654204
0.480785
0.668396
0.590515
0.471729
0.550517
0.517156
0.690247
0.464299
0.721304
0.817952
0.515101
0.629444
0.586740
0.520161
0.611934
0.631623
0.600402
0.734994
0.598571
0.722220
0.550313
0.659786
0.706010
0.651084
0.554998
0.548439
0.574486
0.626303
0.689892
0.503286
0.628457
0.512679
0.493233
0.550308
0.639735
0.709111
0.495963
0.549364
0.435662
0.692230
0.644331
0.838376
0.581935
0.441574
0.497488
0.636287
0.615793
0.423748
0.595378
0.583086
0.723866
0.551515
0.532541
0.685711
0.505087
0.504530
0.653756
0.722235
0.552502
0.343088
0.461129
0.573289
0.613348
0.590155
0.568531
0.542666
0.630910
0.534509
0.667299
0.607433
0.662813
0.657097
0.565519
0.543909
0.581073
0.636188
0.619810
0.747531
0.594557
0.533265
0.652845
0.548401
0.398426
0.568776
0.610827
0.648980
0.617731
0.560284
0.651021
0.723778
0.638597
0.518569
0.608825
0.343872
0.593817
0.611181
0.636114
0.694249
0.725797
0.588526
0.617534
0.738664
0.695030
0.710978
0.814982
0.712500
0.725532
0.427066
0.567800
0.591974
0.541095
0.465954
0.683410
0.660782
0.553920
0.481650
0.532966
0.587113
0.574695
0.534009
0.556163
0.602712
0.655764
0.542289
0.522432
0.504138
0.551947
0.639288
0.624999
0.628919
0.739477
0.670686
0.566792
0.395654
0.490379
0.631018
0.558930
0.525333
0.652585
0.774517
0.572129
0.587706
0.486140
0.559792
0.625279
0.672956
0.743291
0.515319
0.587796
0.661769
0.533218
0.617392
0.616868
0.604089
0.603591
0.554380
0.651487
0.526703
0.718026
0.629938
0.563916
0.666008
0.537157
0.385693
0.497016
0.442355
0.607180
0.492657
0.579754
0.730281
0.583416
0.572180
0.605349
0.577968
0.610881
0.575976
0.641124
0.750633
0.704280
0.573888
0.538783
0.668339
0.609664
0.564341
0.618466
0.603178
0.597782
0.499187
0.685176
0.664157
0.517201
0.753880
0.496112
0.621293
0.851181
0.622928
0.703768
0.543440
0.556229
0.604192
0.748845
0.562137
0.611820
0.789628
0.555610
0.568729
0.557015
0.562722
0.747338
0.657211
0.536684
0.644473
0.660789
0.663632
0.614755
0.611088
0.732535
0.630532
0.628429
0.640129
0.504076
0.720270
0.600620
0.720259
0.626547
0.502659
0.625214
0.618716
0.726708
0.593047
0.709102
0.600818
0.592118
0.694584
0.529830
0.776217
0.533382
0.459605
0.658476
0.656922
0.678868
0.476101
0.460779
0.536902
0.708892
0.682243
0.626611
0.611634
0.670716
0.670359
0.707808
0.609307
0.482854
0.557657
0.511978
0.606965
0.759896
0.653747
0.483989
0.514605
0.851100
0.659394
0.391268
0.523299
0.537949
0.649406
0.622536
0.686828
0.646678
0.580420
0.623013
0.613610
0.670810
0.543400
0.754290
0.582984
0.453732
0.543286
0.395289
0.582208
0.740089
0.575311
0.682369
0.494676
0.600047
0.696580
0.732644
0.676942
0.580077
0.662518
0.534810
0.639152
0.590301
0.805527
0.680068
0.576100
0.482128
0.788028
0.569179
0.650655
0.541583
0.634420
0.585331
0.720478
0.685249
0.676284
0.768026
0.546687
0.418858
0.523858
0.681297
0.595214
0.738145
0.666490
0.392196
0.593384
0.614413
0.732549
0.720415
0.644967
0.615578
0.611077
0.634278
0.699439
0.594548
0.596000
0.804603
0.707581
0.695049
0.659357
0.556436
0.664222
0.486537
0.481810
0.805527
0.530095
0.513292
0.598283
0.475251
0.508915
0.540918
0.518727
0.518944
0.616636
0.631565
0.463803
0.805883
0.549382
0.642223
0.570891
0.536454
0.496699
0.783050
0.720921
0.533580
0.623516
0.682057
0.657257
0.597258
0.690532
0.539491
0.606031
0.628717
0.554632
0.772216
0.621703
0.606021
0.667334
0.635853
0.696253
0.478515
0.555354
0.438533
0.659521
0.558477
0.485901
0.374366
0.554739
0.642149
0.550180
0.778426
0.555606
0.563762
0.751236
0.649913
0.721538
0.607810
0.574933
0.471492
0.501657
0.748945
0.674271
0.820054
0.674714
0.577771
0.539823
0.608829
0.645671
0.519606
0.693226
0.653686
0.777778
0.630779
0.612541
0.678205
0.420999
0.562964
0.405631
0.632850
0.448792
0.477767
0.692220
0.599628
0.598082
0.773785
0.727085
0.569354
0.574097
0.563333
0.665801
0.441663
0.638035
0.561709
0.667327
0.568615
0.457349
0.764513
0.568472
0.683978
0.750813
0.388395
0.655201
0.594595
0.705144
0.609232
0.614611
0.719173
0.708736
0.523465
0.599534
0.769984
0.663255
0.486554
0.618700
0.682109
0.703540
0.542815
0.652826
0.464635
0.629201
0.617562
0.691364
0.507256
0.630848
0.609921
0.656543
0.717790
0.681050
0.601986
0.788195
0.651330
0.446237
0.690059
0.599163
0.710545
0.727368
0.748628
0.602607
0.602170
0.497117
0.697895
0.785615
0.641211
0.445614
0.834335
0.586692
0.536891
0.724748
0.792827
0.518224
0.749916
0.651383
0.606551
0.570372
0.642543
0.527873
0.408699
0.677523
0.579446
0.543236
0.669860
0.796494
0.588375
0.647685
0.615600
0.674948
0.628422
0.647463
0.673724
0.564881
0.566323
0.771989
0.704711
0.548435
0.586189
0.704638
0.749936
0.726673
0.525436
0.577530
0.638987
0.778346
0.639209
0.806431
0.714570
0.597396
0.417151
0.533144
0.612500
0.724763
0.879028
0.631581
0.581062
0.606467
0.675683
0.659387
0.517110
0.869761
0.715768
0.641145
0.749952
0.687289
0.698362
0.622115
0.715080
0.791251
0.559674
0.662217
0.798685
0.651435
0.923287
0.495195
0.470872
0.596854
0.685809
0.600886
0.597815
0.676065
0.559773
0.633037
0.766185
0.739134
0.613248
0.625840
0.723180
0.759457
0.543895
0.691234
0.657705
0.696969
0.659303
0.573231
0.708065
0.615137
0.475001
0.844695
0.717802
0.615822
0.719745
0.472303
0.761687
0.589339
0.527704
0.450204
0.479434
0.474839
0.803202
0.500135
0.615310
0.606405
0.801247
0.564359
0.763775
0.656677
0.630208
0.607105
0.677227
0.733658
0.569947
0.719479
0.888700
0.655256
0.696092
0.713924
0.738428
0.763889
0.624875
0.659520
0.733144
0.706115
0.617566
0.687607
0.626218
0.815888
0.614366
0.631255
0.554282
0.777839
0.722037
0.715534
0.643396
0.611930
0.673980
0.650246
0.656255
0.877576
0.576176
0.640253
0.639439
0.653088
0.510237
0.625545
0.823434
0.775551
0.488409
0.707011
0.578257
0.670297
0.833728
0.726245
0.633214
0.588389
0.623140
0.671239
0.674062
0.633667
0.605531
0.508013
0.720961
0.538923
0.707970
0.523744
0.804783
0.597951
0.543541
0.519975
0.688822
0.558022
0.599342
0.666496
0.540391
0.675953
0.619601
0.548877
0.703995
0.740856
0.489647
0.827122
0.682762
0.604652
0.679698
0.771256
0.547827
0.775422
0.693224
0.708560
0.589558
0.558885
0.711588
0.875806
0.599454
0.732005
0.674123
0.609334
0.702367
0.803827
0.725015
0.534926
0.666357
0.674973
0.916978
0.863806
0.697295
0.560843
0.808186
0.526556
0.815025
0.555528
0.744558
0.551311
0.505520
0.450588
0.805444
0.683363
0.585481
0.776081
0.691155
0.739009
0.823592
0.638813
0.514593
0.761590
0.547365
0.718417
0.637492
0.637380
0.625987
0.561623
0.529390
0.778735
0.648640
0.737068
0.802078
0.600480
0.664526
0.796860
0.789644
0.601061
0.690682
0.781357
0.710824
0.743281
0.695236
0.627616
0.712401
0.569113
0.448519
0.771472
0.675722
0.734383
0.772419
0.793422
0.772711
0.727280
0.672296
0.818005
0.639786
0.615455
0.647926
0.754924
0.779341
0.704793
0.681214
0.680522
0.541777
0.917498
0.678816
0.757189
0.715107
0.742146
0.582274
0.741893
0.837143
0.741974
0.680832
0.638729
0.591221
0.689181
0.623720
0.682706
0.839380
0.723849
0.706872
0.737752
0.729639
0.737168
0.748612
0.728515
0.677686
0.682152
0.606142
0.684969
0.784540
0.578167
0.741288
0.607826
0.568403
0.643738
0.573598
0.646867
0.692374
0.697828
0.546684
0.829403
0.803758
0.708804
0.816852
0.672904
0.727611
0.715185
0.557724
0.706932
0.785253
0.441659
0.544143
0.683401
0.686833
0.554065
0.764465
0.499148
0.854571
0.574391
0.702353
0.619076
0.623056
0.561385
0.782282
0.632210
0.487352
0.714886
0.662626
0.767668
0.722594
0.452248
0.756042
0.839995
0.697470
0.629703
0.901554
0.742515
0.656957
0.748478
0.633951
0.642768
0.716158
0.543388
0.578308
0.649934
0.747212
0.650798
0.574838
0.518840
0.662717
0.571470
0.613917
0.727298
0.623110
0.774428
0.747572
0.709826
0.757883
0.684511
0.651025
0.681486
0.663054
0.728401
0.758013
0.519024
0.569394
0.721379
0.628384
0.647579
0.892511
0.923789
0.715577
0.622397
0.592089
0.745484
0.599847
0.525574
0.521477
0.607576
0.728796
0.707204
0.607859
0.651332
0.712403
0.937504
0.666263
0.668978
0.608158
0.775875
0.586700
0.590998
0.486507
0.675487
0.776399
0.587128
0.606393
0.673260
0.709278
0.545421
0.551298
0.784158
0.698566
0.669726
0.603630
0.576913
0.705553
0.754131
0.734581
0.772287
0.541644
0.634608
0.745918
0.528390
0.620202
0.698331
0.681747
0.850116
0.616735
0.811967
0.710804
0.601337
0.639681
0.635742
0.631410
0.748204
0.584340
0.713583
0.596960
0.709383
0.528344
0.771091
0.608502
0.786857
0.565822
0.754281
0.885580
0.630647
0.577870
0.685303
0.767168
0.534150
0.639822
0.774458
0.567043
0.739281
0.681538
0.844265
0.542437
0.719377
0.642887
0.734994
0.609847
0.968109
0.825205
0.776573
0.657227
0.661639
0.817470
0.794675
0.758410
0.725767
0.562707
0.705949
0.866247
0.492005
0.727181
0.499437
0.734731
0.513727
0.584327
0.811486
0.730811
0.565552
0.474227
0.651250
0.775412
0.630059
0.599216
0.582118
0.806713
0.846001
0.695635
0.708757
0.927624
0.855740
0.575783
0.616405
0.708068
0.721935
0.702546
0.558805
0.881852
0.589408
0.517541
0.468909
0.590058
0.590785
0.650062
0.667237
0.551518
0.724141
0.591354
0.626544
0.634035
0.850556
0.536021
0.633345
0.722494
0.590323
0.655147
0.686934
0.796027
0.664509
0.620136
0.575921
0.402545
0.522881
0.619229
0.630151
0.517872
0.671539
0.519746
0.688276
0.599301
0.671044
0.745846
0.643727
0.611641
0.702834
0.893403
0.607478
0.616283
0.640946
0.729850
0.712933
0.616742
0.692082
0.637026
0.638776
0.693073
0.774215
0.701125
0.789445
0.692040
0.821345
0.524922
0.599341
0.637395
0.743025
0.594109
0.512233
0.580573
0.730981
0.940186
0.760075
0.940275
0.753948
0.564618
0.674027
0.711269
0.693125
0.742632
0.485972
0.744074
0.689427
0.559200
0.762660
0.495269
0.689643
0.837319
0.636595
0.919075
0.665290
0.528346
0.685776
0.755319
0.724046
0.818612
0.680395
0.722877
0.673898
0.948325
0.912087
0.658738
0.874170
0.828125
0.823847
0.711209
0.740589
0.740862
0.892921
0.755496
0.715101
0.738173
0.702190
0.696386
0.655802
0.693272
0.539913
0.717376
0.499291
0.779433
0.678496
0.638357
0.597844
0.808274
0.675617
0.726844
0.650272
0.683660
0.866052
0.683880
0.491685
0.722679
0.741924
0.444165
0.869343
0.813103
0.719592
0.717782
0.702177
0.742358
0.712444
0.779990
0.504277
0.534160
0.727720
0.785433
0.871852
0.572175
0.911629
0.537827
0.658528
0.639130
0.626776
0.624243
0.766325
0.676065
0.743654
0.721798
0.677487
0.719854
0.588357
0.704501
0.694539
0.795480
0.733119
0.692776
0.767545
0.597363
0.676812
0.669885
0.831189
0.896402
0.743416
0.857991
0.472696
0.514138
0.766904
0.798790
0.761977
0.796251
0.802298
0.647063
0.672436
0.696947
0.723904
0.710676
0.863871
0.647858
0.534880
0.707762
0.692852
0.749798
0.701056
0.687945
0.764991
0.776334
0.864622
0.648010
0.663602
0.634628
0.659898
0.711014
0.881809
0.698268
0.779078
0.737768
0.881241
0.515687
0.664393
0.639237
0.615849
0.696232
0.889573
0.609169
0.755183
0.701513
0.671992
0.781860
0.741575
0.730596
0.519805
0.480270
0.688808
0.765857
0.786197
0.623816
0.613077
0.752516
0.590929
0.709225
0.634840
0.703275
0.637280
0.691046
0.718127
0.728991
0.676814
0.721956
0.612904
0.693767
0.703077
0.732536
0.535087
0.831174
0.643348
0.817060
0.610233
0.760089
0.573717
0.580981
0.720200
0.566022
0.578746
0.545814
0.837903
0.616793
0.617261
0.603659
0.670608
0.584369
0.704478
0.745284
0.713732
0.634184
0.524045
0.874699
0.657378
0.637719
0.628955
0.696681
0.732548
0.637533
0.702406
0.812102
0.808142
0.730848
0.844996
0.851158
0.764085
0.763548
0.679276
0.755442
0.707496
0.630241
0.598723
0.823492
0.649928
0.720052
0.731152
0.749263
0.715103
0.608467
0.629443
0.657972
0.551443
0.694137
0.605219
0.742229
0.780824
0.612890
0.477370
0.757067
0.634552
0.741481
0.605989
0.712654
0.639808
0.749119
0.542206
0.714101
0.757889
0.522073
0.658096
0.566780
0.578243
0.802195
0.678123
0.807932
0.710862
0.613233
0.697152
0.847734
0.746286
0.481450
0.772608
0.730619
0.876889
0.732669
0.843128
0.712142
0.682605
0.685220
0.781500
0.737432
0.602132
0.688491
0.782651
0.811152
0.724901
0.644009
0.864346
0.787911
0.857851
0.752502
0.595849
0.749492
0.772679
0.742349
0.721838
0.825212
0.711845
0.665912
0.702570
0.578066
0.679125
0.783056
1.063562
0.849688
0.582720
0.713746
0.726700
0.520050
0.743045
0.806970
0.713033
0.809771
0.759706
0.691194
0.857202
0.821535
0.802904
0.634174
0.706364
0.732014
0.992992
0.638337
0.706557
0.518987
0.855624
0.931470
0.698444
0.665700
0.653122
0.667734
0.764096
0.852779
0.862184
0.641036
0.848114
0.905377
0.733188
0.673348
0.695171
0.721431
0.638376
0.750375
0.778726
0.750934
0.730851
0.676268
0.687854
0.605094
0.799994
0.788782
0.632985
0.595648
0.864008
0.638640
0.705256
0.703476
0.522108
0.700289
0.548985
0.765065
0.804745
0.664404
0.841852
0.731144
0.647553
0.616852
0.807994
0.703425
0.746008
0.962275
0.622366
0.764899
0.949619
0.700543
0.623113
0.647273
0.719119
0.921202
0.861296
0.709311
0.753610
0.643108
0.839375
0.808168
0.622008
0.664841
0.787139
0.683498
0.603553
0.591484
0.786795
0.761524
0.806456
0.765115
0.593364
0.927905
0.675689
0.882208
0.751429
0.816364
0.678819
0.669796
0.624092
0.852002
0.619167
0.732855
0.611012
0.800319
0.645190
0.647188
0.708466
0.867660
0.703012
0.779097
0.668117
0.719151
0.804040
0.843747
0.724085
0.652805
0.692418
0.759447
0.727412
0.754006
0.660184
0.864146
0.662259
0.839282
0.560769
0.520373
0.941486
0.812312
0.706003
0.663279
0.668938
0.691143
0.847750
0.890635
0.754651
0.708747
0.873591
0.821089
0.524766
0.684616
0.741756
0.458914
0.927291
0.657803
0.870127
0.736841
0.739614
0.725777
0.749371
0.815502
0.740999
0.813911
0.861156
0.757755
0.717835
0.688457
0.729308
0.722666
0.831096
0.814070
0.677472
0.763910
0.825875
0.707745
0.609086
0.707003
0.827350
0.640585
0.658421
0.789202
0.793226
0.699649
0.705036
0.699324
0.715054
0.819069
0.711906
0.810651
0.636498
0.873944
0.540679
0.714496
0.747727
0.740809
0.650470
0.813642
0.798463
0.598098
0.634695
0.695795
0.636417
0.778823
0.781861
0.807054
0.683107
0.699087
0.609752
0.875666
0.717296
0.815696
0.846261
0.874076
0.722033
0.771434
0.902841
0.715716
0.698369
0.792463
0.801314
0.881198
0.858824
0.720623
0.877092
0.633719
0.597988
0.848892
0.828005
0.741202
0.687921
0.833642
0.802588
0.634104
0.736295
0.581465
0.735701
0.584585
0.843110
0.723685
0.568990
0.753956
0.624047
0.754532
0.825208
0.735565
0.753574
0.832591
0.870816
0.804720
0.761456
0.530116
1.006200
0.814150
0.714961
0.631500
0.852059
0.838359
0.774309
0.676408
0.915004
0.954842
0.694918
0.816603
0.813919
0.641818
0.864662
0.742555
0.544875
0.667486
0.692480
0.882820
0.675906
0.711204
0.741267
0.774399
0.776282
0.504869
0.868968
0.910823
0.648339
0.576154
0.722061
0.713388
0.784985
0.689704
0.676873
0.727029
0.806780
0.723243
0.585454
0.817874
0.706071
0.606827
0.560328
0.853128
0.795294
0.866632
0.695638
0.872749
0.671861
0.833934
0.828070
0.767279
0.852570
0.816916
0.772539
0.699983
0.710197
0.798259
0.769828
0.677539
0.815171
0.913953
0.871231
0.816082
0.657962
0.745898
0.636550
0.768243
0.822951
0.771011
0.860546
0.640918
0.748514
0.845358
0.781829
0.860470
0.761583
0.831047
0.661426
0.644108
0.867881
0.665255
0.732996
0.920754
0.931606
0.649098
0.899991
0.494670
0.820168
0.796632
0.640224
0.652541
0.567552
0.719214
0.686399
0.807421
0.593855
0.740938
0.822434
0.759772
0.658655
0.685598
0.615751
0.854451
0.612118
0.682171
0.774237
0.866520
0.665822
0.615140
0.871847
0.928821
0.604360
0.820802
0.647211
0.557180
0.671494
0.737277
0.836154
0.930303
0.861736
0.652615
0.573498
0.763068
0.682282
0.758271
0.742839
0.835332
0.855656
0.745092
0.788286
0.722700
0.840483
0.714318
0.780961
0.794216
0.698308
0.727894
0.708022
0.504309
0.649646
0.899988
0.670585
0.862008
0.742043
0.965240
0.631512
0.584323
1.008873
0.775812
0.885671
0.667986
0.749804
0.838352
0.948483
0.807603
0.800943
0.895633
0.730392
0.617714
0.729447
0.774655
0.753762
0.698450
0.793658
0.623040
0.717040
0.760915
0.541840
0.910307
0.623355
0.761100
0.793056
0.763682
0.658333
0.705026
0.842996
0.621708
0.818193
0.789162
0.845763
0.830320
0.786880
0.794645
0.672935
0.791379
0.918699
0.870264
0.991470
0.666376
0.828205
0.821034
0.507748
0.561358
0.743617
0.816575
0.740376
0.711722
0.873505
0.667970
0.876959
0.762044
0.682815
0.912770
0.817274
0.831313
0.570537
0.872330
0.776746
0.689399
0.705621
0.752982
0.768710
0.676943
0.747582
0.741480
0.786623
0.722546
0.775936
0.638340
0.516381
0.540894
0.675260
0.655243
0.736414
0.812073
0.744553
0.735499
0.729129
0.674945
0.658503
0.855234
0.770224
0.810069
0.832600
0.940783
0.839673
0.775129
1.064476
0.811560
0.872476
0.865263
0.671824
0.599573
0.780814
0.848859
0.821274
0.847013
0.742172
0.792446
0.807781
0.920287
0.717363
0.595322
0.614508
0.724695
0.711293
0.801573
0.732790
0.707884
0.890113
0.680693
0.851360
0.872476
0.755916
0.980318
0.753982
0.819145
0.644300
0.822471
0.857633
0.883812
0.767756
0.716439
0.934612
0.977150
0.824029
0.669593
0.913915
0.597252
0.832250
0.809783
0.841770
0.876284
0.737751
0.873342
0.795651
0.688347
0.855178
0.690953
0.794513
0.806806
0.896026
0.837108
0.801236
0.684420
0.891591
0.975811
0.653682
0.888344
0.732200
0.742771
0.783211
0.805626
0.700419
0.798716
0.756266
0.923564
0.909804
0.625349
0.678602
0.763698
0.685546
0.700498
0.925520
0.819933
0.866153
0.899189
0.800362
0.716353
0.651223
0.894456
0.770526
0.802876
0.718266
0.720910
0.785387
0.847536
0.670069
0.862848
0.822507
0.743236
0.932174
0.849917
0.853815
0.745618
0.764288
0.702778
0.873914
0.779597
0.730774
0.759946
0.575162
0.694072
0.742797
0.756146
0.737920
0.676840
0.818836
0.830053
0.740882
0.787300
0.780395
0.527754
0.622071
0.690274
0.764602
0.852430
0.750591
0.772810
0.564588
0.878384
0.786299
0.895185
0.671872
0.627475
0.727466
0.758710
0.906751
0.819050
0.814651
0.757357
0.827681
0.788966
0.769624
0.934776
0.685286
0.729746
0.834289
0.898165
0.661160
0.854678
0.672763
0.877855
0.664117
0.718685
0.782630
0.782815
0.947468
0.860986
0.779058
0.694004
0.836912
0.611973
0.798225
0.921970
0.700923
0.889749
0.874580
0.646162
0.793454
0.743220
0.670598
0.755343
0.686211
0.831357
0.702934
0.764885
0.752582
0.734425
0.863134
0.856643
0.717437
0.795615
0.822330
0.931334
0.775518
0.858842
0.995887
0.852636
0.701082
0.959007
1.012617
0.758440
0.821533
0.639710
0.890737
0.731346
0.645219
0.690967
0.804400
0.690062
0.700322
0.900846
0.723809
0.843904
0.629555
0.856272
0.849377
0.896364
0.787974
0.809955
0.730298
0.675343
0.556128
0.878953
0.889744
0.704250
0.890456
0.507644
0.734187
0.688328
0.730668
0.755113
0.920920
0.597090
0.946545
0.847253
0.826556
0.866027
0.584910
0.923562
0.617829
0.861776
0.776697
0.746266
0.770757
0.808229
0.805211
0.672740
0.907524
0.868532
0.876951
0.914509
0.930706
0.681081
0.751548
0.807432
0.731542
0.875567
0.757351
0.809608
0.781791
0.942682
0.777229
0.630163
0.962004
0.735334
0.687811
0.966184
0.737716
0.776978
0.839204
0.687715
0.931056
0.738565
0.716349
0.827900
0.662208
0.851133
0.882010
0.679754
0.635516
0.697743
0.568013
0.738294
0.882548
0.860009
0.880984
0.830121
0.717695
0.848742
0.693934
0.679654
0.776029
0.847317
0.801614
0.892575
0.790954
0.684420
0.949705
0.686731
0.808088
0.603413
0.840650
0.650898
0.672567
1.007615
0.840397
0.797496
0.868390
0.776792
0.784861
0.790647
0.766663
0.809512
0.712486
0.876505
0.910947
0.800687
0.811427
0.843815
0.881332
0.698473
0.660705
0.779766
0.901465
0.835482
0.769470
0.690092
0.677175
0.605715
0.852298
0.879899
0.793259
0.837451
0.788224
0.700128
0.732895
0.810978
0.801039
0.743502
0.813559
0.837284
0.719866
0.814963
0.808977
0.894024
0.896936
0.803721
0.661737
0.926826
0.735832
0.746740
0.894603
0.838021
0.748224
0.865440
0.777456
0.552929
0.810639
0.716567
0.904112
0.749796
0.847193
0.757819
0.864062
0.895917
0.839913
0.678176
1.044508
0.959053
0.778967
0.939739
0.743724
0.723119
0.830635
0.795582
0.882624
0.876544
0.970186
0.570224
0.823103
0.775663
0.773067
0.833908
0.745564
0.906884
0.734619
0.634193
0.648892
0.722999
0.995390
0.726018
0.739922
0.768994
0.755851
0.709747
0.774956
0.764514
0.621688
0.756268
0.812453
0.713042
0.936680
0.861216
0.945827
0.735939
0.750603
0.802646
0.723719
0.828220
0.583235
0.886536
0.861865
0.770718
0.885108
0.693647
0.882128
0.753849
0.759793
0.752832
0.958896
0.820987
0.796203
0.746326
0.945557
0.710444
0.857106
0.734191
0.714938
0.989013
0.753462
0.718911
0.830975
0.913356
0.810384
0.700219
0.764805
0.750640
0.809624
0.695174
0.819509
0.754117
0.710283
0.831313
0.845141
0.865101
0.903273
0.761394
0.724838
0.967407
0.776360
0.893340
0.898378
0.733828
0.893002
0.905483
0.949217
0.959578
0.927158
0.751250
0.737940
0.807250
0.787543
0.905717
0.871790
0.762505
1.000251
0.819453
0.759700
0.738476
0.689257
0.745469
0.706655
0.822856
0.809225
0.864270
0.744437
0.781087
0.775480
0.888146
0.949688
0.853757
0.774616
0.654919
0.888896
0.930289
0.831806
0.980685
0.710338
0.640898
0.786339
0.948297
0.823424
0.770720
0.771165
0.842306
1.001652
0.752129
0.800173
0.753397
0.920091
0.961333
0.803683
0.762026
0.879956
0.624618
0.542364
1.023668
0.903099
1.031346
1.003197
0.965916
0.798313
0.768491
0.729761
0.961536
0.865644
0.909317
0.793222
0.795544
0.608007
0.750208
0.911164
0.799705
0.712485
0.733695
0.897277
0.730885
0.764558
0.860842
0.863813
0.808802
0.733182
0.979761
0.670969
0.952275
1.012833
0.783520
0.917236
0.945062
0.871622
0.626994
0.742765
0.788957
0.791819
0.703825
0.730767
0.863922
0.819649
0.730918
0.758933
0.877760
0.792443
0.738750
0.776906
0.838236
0.807468
0.798433
0.757915
0.790370
0.709007
0.601206
0.717224
0.917118
0.807601
0.919143
1.120403
1.056490
0.830673
0.842505
0.826504
0.842611
0.877069
0.790032
0.902577
0.677454
0.705894
0.666621
0.803603
0.760975
0.935319
0.941974
0.877043
0.780293
0.878571
0.719546
0.808046
0.894040
0.813975
0.745668
0.811983
0.755017
0.948429
0.838929
0.745760
0.769926
0.830525
0.935147
0.861324
0.753972
0.767396
0.877677
0.684713
0.770773
0.792363
0.880804
0.682105
0.757346
0.788379
0.671410
0.848635
0.883044
0.951720
0.794659
0.890805
0.896837
0.744168
0.930406
0.655863
0.775482
0.792190
0.843198
0.598353
0.772500
0.658351
0.879588
1.060291
0.777243
0.860178
0.878274
0.747349
0.898711
0.930524
0.882948
0.799794
0.820685
0.950401
0.734694
0.639856
0.864235
0.735910
0.705119
0.959760
0.586969
0.906295
0.889254
0.719546
0.778138
0.941381
0.833893
0.798353
0.878124
0.793069
0.856438
0.952396
1.014838
0.568480
0.729547
0.765133
0.824544
0.814468
0.685193
0.777938
0.905283
0.704000
0.787861
0.632047
0.813256
0.884644
0.904027
0.725811
0.782825
0.924023
0.803362
0.764883
1.053819
0.983788
0.999499
0.883661
0.962035
1.006414
0.986857
0.769943
0.979313
0.713613
0.693151
1.025615
0.826469
0.855203
0.696989
0.779576
0.587431
0.848319
0.814595
0.809474
0.681006
0.918232
0.974230
0.779815
0.786132
0.781922
0.833205
0.758657
0.687863
0.902534
0.875707
0.748767
0.863816
0.729212
0.863142
0.929201
0.835513
0.986613
0.808040
0.931830
0.886791
0.855721
0.729099
0.879641
1.057417
0.732214
0.665335
0.861419
0.883367
0.847412
0.891432
0.829809
0.819538
0.966548
0.854663
0.850826
0.964386
0.777083
0.743096
0.854751
0.752793
0.780135
0.948618
0.899368
0.967519
0.791554
0.870421
0.923120
0.769311
0.914363
0.765977
0.818991
0.814355
0.733202
0.753348
0.697387
0.770548
0.918129
0.795253
0.795383
0.820140
0.767933
0.893254
0.903529
0.766949
0.852767
0.830410
0.831904
0.823496
0.950526
0.829555
0.640205
0.885985
0.577112
0.838147
0.806700
0.818537
0.760428
0.827376
0.954005
0.741662
0.774121
0.980611
0.783669
0.852881
0.711450
0.753105
0.911155
0.782144
0.810290
0.959192
0.819443
0.738576
0.889676
0.969239
0.856330
0.929344
0.805696
0.807147
0.927076
0.836443
0.755583
0.753824
0.935451
0.947459
0.917233
0.846557
0.901542
0.967985
0.716285
0.756897
0.838151
0.895915
1.049120
0.853789
0.848258
0.708144
0.935693
0.895266
0.688993
0.723932
0.857072
0.736809
1.083526
0.841985
0.932645
0.834101
1.050465
0.772457
0.816313
0.883531
0.874260
0.822505
0.955630
0.817910
0.880106
0.803242
0.968131
0.873396
1.047484
0.807653
0.926879
0.847642
0.745081
0.829037
0.809425
0.833629
0.757033
0.801597
0.810665
0.854682
0.737884
0.838536
0.942936
0.716988
0.868109
0.599407
0.889188
0.786735
0.712933
0.768571
0.786723
0.720682
0.829663
0.939057
0.871460
0.892155
0.675425
0.751806
0.728652
0.774948
0.803928
0.806719
0.931622
0.858481
0.808473
0.915513
0.867340
0.878831
0.982894
0.942517
0.744585
0.760395
0.906259
0.754199
0.836590
0.996473
0.871016
0.875333
0.985723
1.040161
0.771977
0.968890
1.049393
0.806425
0.919670
0.759471
0.821706
0.919313
0.761560
0.965067
0.828832
0.814704
0.687008
0.843798
0.678073
1.025040
0.751196
0.858909
0.823653
0.792005
0.966653
0.847455
0.920089
0.889250
0.773835
0.894028
0.804061
0.935328
0.905138
0.768107
1.042685
0.890972
0.910170
0.706117
0.770815
0.851776
0.993998
0.889318
0.844576
0.943572
0.879061
0.800400
0.954561
0.941702
0.730892
0.845378
0.745216
0.926449
0.698950
0.874816
0.729615
0.789056
0.967661
0.947944
0.776518
0.820861
0.926934
0.570542
0.989160
0.908700
0.940925
0.645601
0.838353
0.718552
0.764401
0.871011
0.966592
0.995505
0.913987
0.817663
0.827888
0.828848
0.767405
0.818888
0.825519
0.905306
0.921709
1.066764
0.647247
0.973065
1.109718
0.884308
0.843347
0.796323
0.873294
0.725646
0.857238
0.923570
0.843484
0.945959
0.785693
0.789755
0.848960
0.969936
0.887751
0.985608
0.838369
0.858704
0.874135
1.054730
0.716454
0.975975
0.725673
0.815987
0.778860
0.957155
0.828401
0.941981
0.888989
0.719536
0.886615
0.762281
0.727205
0.796770
0.971768
0.844420
0.748371
0.868723
0.850413
0.874105
0.902098
0.878118
0.886305
0.783831
0.904157
0.745890
0.911148
0.872543
0.754634
0.993548
0.890748
0.787928
0.852209
0.889519
0.969905
0.951235
1.075606
0.971462
0.738259
0.889810
0.971553
0.781359
1.008097
0.763187
1.000380
0.869828
0.920496
0.819338
0.949855
0.900554
0.697237
0.830411
0.865130
0.924703
0.798944
0.714858
0.732515
0.949951
1.012895
0.883059
0.904107
0.883361
0.812631
0.941832
0.793593
0.710477
0.693977
0.791021
0.780257
0.846919
0.855555
0.833745
0.825027
0.764275
0.869769
0.851124
0.794298
0.969304
0.766033
0.746284
0.788210
0.965359
0.787829
0.835698
0.720640
0.946010
1.008314
0.960973
0.932924
0.941987
0.845244
0.794673
0.767333
0.885411
0.790377
0.785966
0.767046
0.993495
0.734803
0.693585
0.867188
0.859030
1.008857
0.718788
1.064166
0.731664
0.930112
0.692728
0.937465
1.066190
0.776676
0.784707
1.107807
0.859494
0.903330
0.819289
0.839882
1.010025
0.974446
0.727346
0.762343
0.802808
0.607992
0.839558
0.765492
0.814461
0.716849
0.992464
0.800903
0.895132
0.876541
0.889540
1.069377
0.818163
0.912620
0.994400
0.867294
0.946865
0.863560
0.888910
0.971738
0.767443
0.744936
0.915640
0.843305
0.727492
0.739523
0.997644
0.840668
0.850302
0.878521
0.708713
0.814151
0.962867
0.934490
0.883929
0.864318
1.006951
0.833175
0.940402
0.807851
0.825289
0.830405
0.865130
0.836263
1.035227
0.858473
0.883749
0.922830
0.850378
0.953779
0.927189
0.890952
1.005263
0.949675
0.763173
0.883010
0.807300
0.836851
0.965116
0.959709
1.020243
0.957324
0.774595
0.813386
0.884548
0.894570
0.699580
1.024959
0.860181
0.873465
0.901495
1.021711
0.772176
0.978439
0.778745
0.900807
0.867242
0.819604
0.936004
1.025899
0.828012
0.832070
0.885974
0.986369
1.012994
0.886124
0.816311
0.870949
0.907793
0.956086
0.899266
0.765148
0.910593
0.958073
0.984820
0.896067
1.127554
0.857719
0.927558
0.720060
0.833172
0.923009
0.992678
0.861678
0.760463
0.784224
0.854776
0.773720
0.910448
1.031874
1.078300
0.886823
0.974775
0.812009
0.933096
0.912419
0.822374
0.817781
0.705555
0.852266
1.003663
0.927758
0.989200
0.963243
0.811397
0.884243
0.945445
0.776045
0.648070
0.952627
1.004259
0.835437
0.875822
0.933986
0.722976
0.978076
0.704494
0.973965
0.900745
0.915130
0.742754
0.890473
0.818593
0.923079
0.884357
1.027284
0.870250
0.782762
0.932884
1.057147
0.949689
0.778368
0.989896
0.808666
1.032689
0.920491
1.023627
1.083331
0.896468
0.751854
0.778610
0.757553
0.880076
0.793760
0.922881
0.896690
0.729022
1.029739
0.856619
0.967640
1.011105
0.797340
0.860790
0.902176
0.819001
0.786448
1.049239
0.782301
0.943286
0.931825
0.832586
0.935410
0.907483
0.884458
0.942323
1.024347
0.991795
0.846075
0.824259
0.716452
1.003743
0.757737
0.892690
0.890345
0.829849
0.937395
0.913125
0.913695
0.958696
0.831412
0.903922
0.903495
0.852157
0.838584
0.832285
1.020114
0.809979
0.992320
0.901064
0.797913
1.060818
0.939504
0.996502
0.850101
0.843397
0.879877
0.808922
0.927670
0.945507
0.860152
0.888483
0.808121
0.906311
0.930539
0.917020
0.831589
0.955746
0.906348
0.915083
0.762776
0.866921
0.820154
1.037036
0.816612
0.739266
0.923369
0.861740
0.965591
0.810741
0.973128
0.784224
0.850445
0.999697
0.844920
0.817245
0.803655
1.092376
0.827046
0.943196
0.736587
0.962617
0.720486
0.753661
0.836090
0.900277
1.052964
0.914994
0.874691
0.927523
0.787181
1.123597
0.851175
0.846917
0.889720
0.965959
0.753355
0.794942
0.930301
0.811604
0.971342
0.822909
0.950222
0.830644
0.694040
1.172987
0.824718
1.017500
0.872931
0.938672
0.875884
1.005000
0.850324
0.833225
0.944811
0.972990
0.992945
0.852043
0.895348
0.906334
0.864442
0.791004
0.877741
0.944206
1.078280
0.815350
0.825779
0.759806
1.032651
0.862539
0.885273
0.946781
0.822193
0.816858
0.952962
0.847567
0.874469
0.908929
0.945549
0.962084
0.944930
0.904822
0.906917
0.841272
0.876813
0.703580
1.016102
0.864873
0.925380
0.756068
1.048672
0.896540
1.020371
0.807175
0.664542
0.981847
0.925835
0.822816
0.856916
0.765311
0.968584
0.935577
0.965828
1.089457
1.020538
0.901931
0.825124
0.889222
0.869334
0.971388
0.764261
0.928897
1.092406
1.007131
0.778046
0.760719
0.926266
0.871807
0.714223
0.953846
0.877922
0.701454
0.895271
0.946620
0.958211
0.904572
0.971241
1.099088
0.824719
0.818345
0.930886
0.870730
0.933175
0.973788
0.767619
0.880787
0.900556
0.896264
0.889269
0.941490
0.915248
1.003201
0.876995
0.919045
0.933593
1.004274
0.769393
0.919574
0.833630
1.012985
1.125103
1.002221
0.701733
0.795964
0.982606
0.916091
0.825779
1.031955
0.995733
0.890475
0.777330
0.904248
0.958010
1.027244
0.880260
0.844706
0.984368
0.945367
1.090981
0.834068
1.001418
0.858332
0.728903
0.932773
1.076964
0.932075
0.692118
0.754208
1.001713
1.005042
0.746314
0.855443
1.098094
0.784880
0.812044
0.923921
0.958427
0.896570
0.898213
0.915755
0.890228
0.781760
0.977444
0.969538
0.843927
0.736964
0.977738
0.996805
1.071975
1.000938
0.989614
0.905691
0.781400
1.129300
0.681687
0.955815
0.948392
0.942654
0.874991
0.750611
0.911595
1.001372
0.814844
0.916835
0.973823
0.885950
1.049619
0.921522
0.945441
0.812745
1.075720
1.168101
0.956943
0.993241
0.696732
0.896311
0.932693
0.999120
0.783258
0.773215
0.836604
0.891585
0.752573
0.766639
0.972535
0.922717
0.890328
0.968445
1.043785
1.039908
0.898986
1.015615
0.878381
0.895055
0.840363
0.839686
0.947332
0.937590
0.778054
0.949243
0.904057
0.841554
0.911237
0.963334
0.979282
1.013509
0.738889
0.939375
0.721032
1.111429
0.935222
0.934537
0.836636
1.107933
1.012640
0.934713
0.953389
1.013971
0.929611
0.952866
0.853771
0.937388
0.953732
0.675270
0.996782
1.036474
0.974062
0.926885
0.843523
0.890300
1.066216
0.805679
0.908084
1.173184
1.060316
0.869071
0.857454
0.997084
1.133432
0.831193
0.790414
0.913169
0.875752
0.981979
0.933887
0.890060
1.006749
0.877983
1.159681
1.019549
0.939043
1.037572
0.842306
0.926946
0.864619
0.917366
0.906272
0.976110
0.932343
0.872629
0.839511
0.915769
0.996425
0.771883
0.868658
0.790819
0.855543
0.913706
0.964680
0.924582
0.942311
0.890423
0.745069
0.978641
1.050994
0.982050
1.211624
0.875329
0.902903
0.932690
0.847721
0.988716
0.871307
1.058559
1.016818
0.893040
0.925733
0.987484
0.913387
0.942175
0.720571
1.004042
1.030464
0.916890
0.898901
0.982455
1.010764
0.848347
0.901459
0.876995
0.931272
0.906501
1.017457
0.893844
0.880394
0.952868
1.119115
0.765405
0.887584
1.042269
1.015422
0.935552
0.881728
0.834859
0.792421
0.927425
0.904840
0.985637
1.006816
0.995235
0.759229
1.068278
0.921055
1.039547
0.819264
0.954999
0.810816
0.762401
0.906097
1.044876
1.021413
1.074251
0.937983
0.966269
0.872752
0.861835
1.089206
1.045175
0.838065
0.926427
0.930275
0.846855
0.979403
0.851260
1.035189
0.692843
1.077730
0.935577
0.842931
0.839427
1.050200
0.880308
0.795386
0.981700
0.869421
0.840474
0.940076
0.736961
0.861187
0.746192
1.018625
0.986699
0.853611
0.848504
0.826267
0.971884
0.780029
0.880331
0.953087
0.892477
0.998621
0.869673
0.956680
0.832330
0.945514
0.907327
0.829056
0.952197
0.967342
0.798185
0.918031
0.913052
0.978195
0.750266
0.913764
1.018550
0.814687
1.009670
0.856777
0.808553
1.066413
0.975288
0.815366
0.918341
0.823550
1.089586
1.109764
1.008258
0.912369
0.908994
0.863610
0.939093
1.036565
0.887267
0.965209
0.927877
0.610880
0.850838
0.922520
1.086670
1.130745
1.076578
0.901179
0.795539
1.025558
0.931623
0.916953
0.760043
0.895923
1.059272
0.860695
0.882292
1.025561
0.991357
0.898693
1.096609
0.847719
0.951202
1.083238
0.867649
0.862056
0.928129
0.890182
0.792930
0.982646
0.724270
0.930669
0.951614
0.804406
0.967637
0.993057
0.932184
1.150936
0.914753
1.010280
0.906945
0.856819
0.880309
1.095026
0.976169
1.003742
0.861867
1.019066
1.128396
0.911573
0.827945
0.856132
0.846851
0.939961
0.962614
1.138196
0.830596
0.996632
0.955604
1.066549
0.900338
1.071245
0.913917
1.046512
0.963952
0.889963
0.983381
0.929335
0.909250
0.964867
0.916700
0.913731
0.904640
0.959371
0.918300
0.925310
0.881743
0.998786
0.745756
0.653378
0.813829
1.033593
1.034561
0.898817
0.848315
0.845549
1.068029
0.886851
0.943142
0.891473
0.807758
1.003504
0.886401
0.987385
1.037195
0.967289
1.003260
1.061852
0.981088
1.149213
0.862653
1.030735
0.913736
0.872800
1.050998
0.955225
0.883372
0.999101
0.730509
0.809348
1.114134
0.694382
0.782243
0.959305
0.825323
0.852129
1.013579
0.847071
1.006508
0.925829
0.811526
0.947105
0.911854
1.024668
1.039257
1.086280
0.809740
1.106009
0.826841
0.991739
1.123465
0.932814
1.047533
0.983409
1.009214
0.979720
0.883068
0.892752
0.641764
1.098320
1.042838
0.913892
1.211319
1.045976
0.842262
0.845799
0.947367
0.954955
1.222619
1.083828
1.065040
0.872840
0.811211
1.026471
0.977370
0.995820
0.898732
1.106363
1.025823
0.899227
0.855852
0.954233
0.962981
0.994881
0.888668
1.056541
0.837219
1.007501
1.039257
0.918729
1.010886
0.963250
0.927143
0.841513
0.854119
0.933791
1.136057
1.041044
1.012865
0.996224
0.834116
0.931326
0.754590
0.991027
0.913749
1.082343
1.026085
0.823012
0.917087
0.840512
0.769029
0.864286
1.046503
1.070366
0.792100
1.033747
0.813049
0.972334
0.941231
1.216207
1.038633
0.959817
0.987458
0.731042
1.042487
0.967439
0.861669
0.886513
0.913044
1.069495
1.147225
1.023524
1.001866
0.904049
1.097525
1.080222
0.873497
0.927553
1.002391
0.791300
0.907204
0.893320
0.861271
1.032480
0.877243
0.854730
0.887065
0.938884
1.011122
1.050073
1.087142
0.865805
0.904945
0.973347
1.080927
0.991609
1.042919
1.068824
0.976598
1.084080
0.983321
0.868972
1.139082
0.969196
0.918843
1.068064
1.036069
1.040205
0.899880
0.811658
0.853382
0.791128
0.977590
0.995835
0.943538
1.001287
0.982834
0.854735
1.050333
0.942085
1.027379
0.837599
1.173393
0.883641
0.830743
0.957195
0.609793
1.034297
0.972826
0.947497
1.015490
0.842422
0.965226
0.884098
0.967555
0.959139
0.993040
0.896570
0.900999
1.018495
0.878046
0.999691
0.931774
1.130716
0.952355
1.021822
1.078480
0.885398
1.038928
0.977568
0.980182
0.815034
0.961475
0.954628
1.093115
0.980829
1.159577
1.100678
1.133203
0.828036
1.042791
1.106924
1.019545
1.140403
0.926097
1.158343
1.035818
0.990819
0.894210
1.024555
1.030469
0.912672
0.849365
1.094435
0.909616
1.008493
0.925174
0.906140
0.821378
1.109100
1.178543
1.029100
0.875729
0.909789
0.942918
0.931918
0.903264
0.968200
0.935054
0.863446
0.993377
0.928156
1.047854
1.244803
1.114423
1.249133
1.041659
0.928153
0.888857
1.036298
1.050832
0.920548
0.994787
1.059300
0.988250
1.159995
1.003127
0.898870
0.970053
0.969554
0.910715
1.033083
1.007637
0.986584
1.058846
0.815135
0.957884
0.886936
1.068945
1.040143
0.969528
0.927224
0.954156
1.020957
0.885344
1.055608
0.913511
1.070443
0.951105
0.959543
0.850855
0.892115
0.979324
1.006055
0.955371
0.984384
0.857761
1.007929
1.267705
1.059529
0.903372
0.992008
0.881917
0.889895
1.249649
1.004218
1.314493
1.046883
1.086299
1.003092
0.986346
0.976039
1.088052
1.091074
0.909880
1.011561
0.996314
0.987512
1.078601
1.107290
0.945108
0.889437
0.819604
1.087525
0.825723
0.856753
1.069413
0.931488
0.898704
0.809280
0.861989
1.034900
0.881918
1.005599
0.746146
0.979635
0.886397
0.990835
0.986659
1.054523
1.205768
0.875843
1.015893
0.897050
0.881032
0.895880
1.063168
1.100081
1.021273
0.944586
0.937608
1.058984
0.934466
0.941873
0.917681
0.876063
1.002930
1.173010
0.828842
0.872207
0.844862
0.956375
1.020903
0.939052
0.985566
0.914890
1.002847
0.960282
1.126673
0.880169
1.073310
1.042784
0.961435
1.057362
0.911906
0.788476
0.979744
1.028171
0.867717
1.072375
1.047334
1.034821
0.904219
1.007260
0.803554
1.231768
1.143201
1.102207
0.922048
1.067469
0.931872
1.125779
0.902564
0.936357
1.087900
0.816357
1.096922
0.914823
1.083343
0.975046
1.035174
1.204376
1.049231
0.829568
0.927114
1.141316
1.001293
0.944200
1.100026
1.008795
1.016928
1.078988
1.052078
0.883069
1.089880
1.123005
1.148816
1.017651
0.801096
0.973221
0.893043
1.143572
0.834757
0.862007
0.932429
0.942502
1.127035
0.936944
1.098341
0.966584
1.078257
0.987523
0.948119
0.939822
1.055221
0.838134
1.208315
1.037756
0.908531
1.106523
1.003347
1.149613
1.094169
1.124854
1.012266
0.995656
1.041892
1.299599
1.002118
0.853302
1.007468
1.001221
1.051730
0.965108
1.130850
1.059434
0.943101
0.870811
1.097654
1.099706
0.942984
0.848512
1.087154
1.171972
1.178219
0.847308
0.981274
0.952540
1.084355
0.836011
0.965601
0.789586
1.177607
0.827278
1.036162
0.963900
0.925809
0.987394
0.988776
1.075648
1.064267
1.101659
0.919648
1.020314
0.887728
1.133145
1.034958
0.963932
0.933946
0.850752
1.088686
0.909180
0.909352
0.992061
0.957166
0.853045
0.897463
1.203275
1.095426
1.194426
1.149510
1.113712
0.998215
0.908244
1.053131
1.181467
1.197367
1.033430
0.941299
0.999606
1.100996
0.996124
0.913474
1.067648
0.988691
1.001096
1.193015
0.956971
1.049395
0.978114
0.945351
1.013132
0.927634
1.039873
0.862304
1.112370
0.998321
1.022069
1.094806
1.022385
0.922617
1.069138
0.925810
1.051318
0.898619
0.919812
1.006087
1.021921
1.020449
1.166204
0.966679
1.023255
1.002756
0.786526
1.004407
1.098513
1.183333
0.900249
0.990553
0.949014
0.971380
0.876260
0.868240
0.849365
1.023896
0.942841
0.934320
0.933529
0.940078
1.148713
0.914177
0.999962
1.013222
0.969568
1.294179
0.983739
0.969804
0.940443
0.956997
1.114094
0.872471
1.050209
1.013719
1.022346
0.996808
1.069378
1.046637
0.808684
0.927070
0.926894
1.038233
0.982780
0.867260
1.124165
0.832551
1.019168
1.196888
0.925905
0.857255
0.874547
0.887173
1.050029
1.127032
0.890366
0.993034
0.781506
1.018525
1.153550
